-- phpMyAdmin SQL Dump
-- version 3.4.9
-- http://www.phpmyadmin.net
--
-- Host: localhost
-- Generation Time: Jul 21, 2014 at 11:23 PM
-- Server version: 5.1.73
-- PHP Version: 5.3.3

SET SQL_MODE="NO_AUTO_VALUE_ON_ZERO";
SET time_zone = "+00:00";


/*!40101 SET @OLD_CHARACTER_SET_CLIENT=@@CHARACTER_SET_CLIENT */;
/*!40101 SET @OLD_CHARACTER_SET_RESULTS=@@CHARACTER_SET_RESULTS */;
/*!40101 SET @OLD_COLLATION_CONNECTION=@@COLLATION_CONNECTION */;
/*!40101 SET NAMES utf8 */;

--
-- Database: `admin_test`
--

-- --------------------------------------------------------

--
-- Table structure for table `APRIL14`
--




CREATE TABLE IF NOT EXISTS `APRIL14` (
  `handle` varchar(20) NOT NULL,
  `rank` int(11) DEFAULT NULL,
  `ques1` int(11) DEFAULT NULL,
  `ques2` int(11) DEFAULT NULL,
  `ques3` int(11) DEFAULT NULL,
  `ques4` int(11) DEFAULT NULL,
  `ques5` int(11) DEFAULT NULL,
  `ques6` int(11) DEFAULT NULL,
  `ques7` int(11) DEFAULT NULL,
  `ques8` int(11) DEFAULT NULL,
  `ques9` int(11) DEFAULT NULL,
  `ques10` int(11) DEFAULT NULL,
  `ques11` int(11) DEFAULT NULL,
  `score` float(6,4) DEFAULT NULL,
  PRIMARY KEY (`handle`)
) ENGINE=MyISAM DEFAULT CHARSET=utf8;

INSERT INTO `APRIL14` (`handle`, `rank`, `ques1`, `ques2`, `ques3`, `ques4`, `ques5`, `ques6`, `ques7`, `ques8`, `ques9`, `ques10`, `ques11`, `score`) VALUES
('vineetpaliwal', 7, 1, 1, 1, 1, 1, 1, 1, 0, 1, 1, 0, 8.9912),
('wangty', 1454, 0, 0, 1, 1, 0, 1, 0, 0, 0, 1, 0, 4.0000),
('fancycoder', 5, 1, 1, 1, 1, 1, 1, 1, 0, 1, 1, 0, 8.9980),
('manasvi2001', 1465, 0, 0, 1, 1, 0, 1, 0, 0, 0, 1, 0, 4.0000),
('nipun_poddar', 110, 0, 1, 1, 1, 1, 1, 1, 0, 0, 1, 0, 6.9862),
('thecodegame', 84, 0, 1, 1, 1, 1, 1, 1, 0, 0, 1, 0, 6.9881),
('quoverse', 2723, 0, 0, 0, 1, 0, 0, 0, 0, 0, 1, 0, 2.0000),
('subway', 555, 0, 1, 1, 1, 0, 1, 1, 0, 0, 1, 0, 5.9850),
('neo1tech9_7', 392, 0, 1, 1, 1, 0, 1, 1, 0, 0, 1, 0, 5.9850),
('junior94', 145, 0, 1, 1, 1, 1, 1, 1, 0, 0, 1, 0, 6.9850),
('jeeves', 2698, 0, 0, 0, 1, 0, 0, 0, 0, 0, 1, 0, 2.0000),
('akash4983', 53, 1, 0, 1, 1, 1, 1, 1, 0, 0, 1, 0, 7.0000),
('tress', 537, 0, 1, 1, 1, 0, 1, 1, 0, 0, 1, 0, 5.9850),
('abhra73', 974, 0, 1, 1, 1, 0, 1, 1, 0, 0, 1, 0, 5.1714),
('flirty_123', 511, 0, 1, 1, 1, 0, 1, 1, 0, 0, 1, 0, 5.9850),
('dracowane', 70, 0, 1, 1, 1, 1, 1, 1, 0, 0, 1, 0, 6.9917),
('anand_007', 873, 0, 1, 1, 1, 0, 1, 1, 0, 0, 1, 0, 5.3797),
('poojits', 956, 0, 1, 1, 1, 0, 1, 1, 0, 0, 1, 0, 5.3713),
('coop', 1978, 0, 0, 0, 1, 0, 1, 0, 0, 0, 1, 0, 3.0000),
('ani310', 1113, 0, 0, 1, 1, 0, 1, 1, 0, 0, 1, 0, 5.0000),
('antoniuk1', 42, 1, 1, 1, 1, 1, 1, 1, 0, 0, 1, 0, 7.4021),
('animeshramesh', 1409, 0, 1, 0, 1, 0, 1, 1, 0, 0, 1, 0, 4.3762),
('pakhandi', 395, 0, 1, 1, 1, 0, 1, 1, 0, 0, 1, 0, 5.9850),
('bhargav_iiitb', 570, 0, 1, 1, 1, 0, 1, 1, 0, 0, 1, 0, 5.9850),
('swapnilagarwal', 402, 0, 1, 1, 1, 0, 1, 1, 0, 0, 1, 0, 5.9850),
('vinod1054', 519, 0, 1, 1, 1, 0, 1, 1, 0, 0, 1, 0, 5.9850),
('flaminrage', 212, 0, 1, 1, 1, 1, 1, 1, 0, 0, 1, 0, 6.3791),
('sunnyshah28', 394, 0, 1, 1, 1, 0, 1, 1, 0, 0, 1, 0, 5.9850),
('xorfire_', 224, 0, 1, 1, 1, 1, 1, 1, 0, 0, 1, 0, 6.3762),
('peind', 976, 0, 1, 1, 1, 0, 1, 1, 0, 0, 1, 0, 5.1714),
('amntri', 1024, 0, 0, 1, 1, 0, 1, 1, 0, 0, 1, 0, 5.0000),
('moinul_1005015', 143, 0, 1, 1, 1, 1, 1, 1, 0, 0, 1, 0, 6.9850),
('amitg87', 1613, 0, 0, 1, 1, 0, 1, 0, 0, 0, 1, 0, 4.0000),
('bangalore_boy', 2690, 0, 0, 0, 1, 0, 0, 0, 0, 0, 1, 0, 2.0000),
('jujubi', 979, 0, 1, 1, 1, 0, 1, 1, 0, 0, 1, 0, 5.1714),
('hatim009', 141, 0, 1, 1, 1, 1, 1, 1, 0, 0, 1, 0, 6.9850),
('kcahdog', 1933, 0, 1, 0, 1, 0, 1, 0, 0, 0, 1, 0, 3.9850),
('betrayermor', 1049, 0, 0, 1, 1, 0, 1, 1, 0, 0, 1, 0, 5.0000),
('punitkoura', 1627, 0, 0, 1, 1, 0, 1, 0, 0, 0, 1, 0, 4.0000),
('eh2arch', 144, 0, 1, 1, 1, 1, 1, 1, 0, 0, 1, 0, 6.9850),
('kunal_rocks', 416, 0, 1, 1, 1, 0, 1, 1, 0, 0, 1, 0, 5.9850),
('azix6', 2942, 0, 0, 0, 1, 0, 0, 0, 0, 0, 1, 0, 2.0000),
('himanshujaju', 434, 0, 1, 1, 1, 0, 1, 1, 0, 0, 1, 0, 5.9850),
('gkcs', 1087, 0, 0, 1, 1, 0, 1, 1, 0, 0, 1, 0, 5.0000),
('anta0', 241, 0, 0, 1, 1, 1, 1, 1, 0, 0, 1, 0, 6.0000),
('tacoder', 1510, 0, 0, 1, 1, 0, 1, 0, 0, 0, 1, 0, 4.0000),
('sealedtime', 90, 0, 1, 1, 1, 1, 1, 1, 0, 0, 1, 0, 6.9876),
('ringo1611', 146, 0, 1, 1, 1, 1, 1, 1, 0, 0, 1, 0, 6.9850),
('ahmed1ossama13', 1031, 0, 0, 1, 1, 0, 1, 1, 0, 0, 1, 0, 5.0000),
('wudired', 43, 1, 1, 1, 1, 1, 1, 1, 0, 0, 1, 0, 7.4006),
('asif_mak', 1120, 0, 0, 1, 1, 0, 1, 1, 0, 0, 1, 0, 5.0000),
('free777man', 937, 0, 1, 1, 1, 0, 1, 1, 0, 0, 1, 0, 5.3762),
('nishant_2124', 2279, 0, 0, 1, 1, 0, 0, 0, 0, 0, 1, 0, 3.0000),
('galactocalypse', 397, 0, 1, 1, 1, 0, 1, 1, 0, 0, 1, 0, 5.9850),
('tabz24', 709, 0, 1, 1, 1, 0, 1, 1, 0, 0, 1, 0, 5.9850),
('amitsaharana', 86, 0, 1, 1, 1, 1, 1, 1, 0, 0, 1, 0, 6.9880),
('dmn_cdr', 1249, 0, 0, 1, 1, 0, 1, 1, 0, 0, 1, 0, 5.0000),
('worldcreator', 1566, 0, 0, 1, 1, 0, 1, 0, 0, 0, 1, 0, 4.0000),
('haosoul', 1680, 1, 0, 0, 1, 1, 0, 0, 0, 0, 1, 0, 4.0000),
('scf961852235', 3895, 0, 0, 0, 1, 0, 0, 0, 0, 0, 0, 0, 1.0000),
('atulsehgal', 147, 0, 1, 1, 1, 1, 1, 1, 0, 0, 1, 0, 6.9850),
('noobstar', 2164, 0, 0, 0, 1, 0, 0, 1, 0, 0, 1, 0, 3.0000),
('debjit99', 1079, 0, 0, 1, 1, 0, 1, 1, 0, 0, 1, 0, 5.0000),
('mixsx', 52, 1, 0, 1, 1, 1, 1, 1, 0, 0, 1, 0, 7.0000),
('iiip', 2141, 0, 0, 0, 1, 0, 1, 0, 0, 0, 1, 0, 3.0000),
('sarasgupta', 407, 0, 1, 1, 1, 0, 1, 1, 0, 0, 1, 0, 5.9850),
('aj95', 329, 0, 1, 1, 1, 0, 1, 1, 0, 0, 1, 0, 5.9869),
('sb5895', 3590, 0, 0, 0, 1, 0, 0, 0, 0, 0, 1, 0, 2.0000),
('subodh13110', 490, 0, 1, 1, 1, 0, 1, 1, 0, 0, 1, 0, 5.9850),
('adityabhagat95', 1353, 0, 1, 1, 1, 0, 0, 1, 0, 0, 1, 0, 4.9850),
('kyparus', 1140, 0, 0, 1, 1, 0, 1, 1, 0, 0, 1, 0, 5.0000),
('satyam_m', 2692, 0, 0, 0, 1, 0, 0, 0, 0, 0, 1, 0, 2.0000),
('chiraghasija7', 427, 0, 1, 1, 1, 0, 1, 1, 0, 0, 1, 0, 5.9850),
('nuhu_iu', 2084, 0, 0, 0, 1, 0, 1, 0, 0, 0, 1, 0, 3.0000),
('horgh', 1551, 0, 0, 1, 1, 0, 1, 0, 0, 0, 1, 0, 4.0000),
('aman_coolinc1', 1138, 0, 0, 1, 1, 0, 1, 1, 0, 0, 1, 0, 5.0000),
('acvbruno', 1588, 0, 0, 1, 1, 0, 1, 0, 0, 0, 1, 0, 4.0000),
('chandan2495', 1407, 0, 1, 1, 1, 0, 1, 0, 0, 0, 1, 0, 4.3762),
('sansid', 266, 0, 0, 1, 1, 1, 1, 1, 0, 0, 1, 0, 6.0000),
('kostka', 904, 0, 1, 1, 1, 0, 1, 1, 0, 0, 1, 0, 5.3778),
('alethor', 2691, 0, 0, 0, 1, 0, 0, 0, 0, 0, 1, 0, 2.0000),
('arvchamp', 989, 0, 1, 1, 1, 0, 1, 1, 0, 0, 1, 0, 5.1714),
('ng420', 152, 0, 1, 1, 1, 1, 1, 1, 0, 0, 1, 0, 6.9850),
('honour_00', 253, 0, 0, 1, 1, 1, 1, 1, 0, 0, 1, 0, 6.0000),
('achut1993', 485, 0, 1, 1, 1, 0, 1, 1, 0, 0, 1, 0, 5.9850),
('anshulpali7', 2088, 0, 0, 0, 1, 0, 1, 0, 0, 0, 1, 0, 3.0000),
('rishubgarg', 74, 0, 1, 1, 1, 1, 1, 1, 0, 0, 1, 0, 6.9905),
('punit9462', 699, 0, 1, 1, 1, 0, 1, 1, 0, 0, 1, 0, 5.9850),
('nitintiwari', 1322, 0, 1, 1, 1, 0, 1, 0, 0, 0, 1, 0, 4.9850),
('bondoc73', 1069, 0, 0, 1, 1, 0, 1, 1, 0, 0, 1, 0, 5.0000),
('harshith123456', 2735, 0, 0, 0, 1, 0, 0, 0, 0, 0, 1, 0, 2.0000),
('vadi', 415, 0, 1, 1, 1, 0, 1, 1, 0, 0, 1, 0, 5.9850),
('rick93', 2693, 0, 0, 0, 1, 0, 0, 0, 0, 0, 1, 0, 2.0000),
('sandy999', 3896, 0, 0, 0, 1, 0, 0, 0, 0, 0, 0, 0, 1.0000),
('ashish1610', 419, 0, 1, 1, 1, 0, 1, 1, 0, 0, 1, 0, 5.9850),
('claw', 150, 0, 1, 1, 1, 1, 1, 1, 0, 0, 1, 0, 6.9850),
('rishabh1994', 455, 0, 1, 1, 1, 0, 1, 1, 0, 0, 1, 0, 5.9850),
('rohangarg', 1105, 0, 0, 1, 1, 0, 1, 1, 0, 0, 1, 0, 5.0000),
('great_fucker', 1028, 0, 0, 1, 1, 0, 1, 1, 0, 0, 1, 0, 5.0000),
('deep008', 1927, 0, 1, 0, 1, 0, 1, 0, 0, 0, 1, 0, 3.9850),
('achilles1993', 701, 0, 1, 1, 1, 0, 1, 1, 0, 0, 1, 0, 5.9850),
('amira', 3897, 0, 0, 0, 1, 0, 0, 0, 0, 0, 0, 0, 1.0000),
('dip94_2013', 1663, 0, 0, 1, 1, 0, 1, 0, 0, 0, 1, 0, 4.0000),
('screw_1011', 2800, 0, 0, 0, 1, 0, 0, 0, 0, 0, 1, 0, 2.0000),
('johnathan79717', 246, 0, 0, 1, 1, 1, 1, 1, 0, 0, 1, 0, 6.0000),
('shekharnain', 1071, 0, 0, 1, 1, 0, 1, 1, 0, 0, 1, 0, 5.0000),
('peekclouda', 1983, 0, 0, 0, 1, 0, 1, 0, 0, 0, 1, 0, 3.0000),
('cooldragon', 111, 0, 1, 1, 1, 1, 1, 1, 0, 0, 1, 0, 6.9862),
('ankitjaiswal19', 729, 0, 1, 1, 1, 0, 1, 1, 0, 0, 1, 0, 5.9850),
('pardeep_gill', 2810, 0, 0, 0, 1, 0, 0, 0, 0, 0, 1, 0, 2.0000),
('bahlsahil', 593, 0, 1, 1, 1, 0, 1, 1, 0, 0, 1, 0, 5.9850),
('thecodekaiser', 910, 0, 1, 1, 1, 0, 1, 1, 0, 0, 1, 0, 5.3778),
('hrishikesh123', 2340, 0, 0, 0, 1, 0, 1, 0, 0, 0, 1, 0, 3.0000),
('dreamoon4', 12, 1, 1, 1, 1, 1, 1, 1, 0, 1, 1, 0, 8.9850),
('sokolov', 865, 0, 1, 1, 1, 0, 1, 1, 0, 0, 1, 0, 5.4018),
('Sandeepripping', 409, 0, 1, 1, 1, 0, 1, 1, 0, 0, 1, 0, 5.9850),
('arpit92k', 925, 0, 1, 1, 1, 0, 1, 1, 0, 0, 1, 0, 5.3762),
('a_prakash', 1076, 0, 0, 1, 1, 0, 1, 1, 0, 0, 1, 0, 5.0000),
('sankalpbihani', 403, 0, 1, 1, 1, 0, 1, 1, 0, 0, 1, 0, 5.9850),
('anuj95', 1157, 0, 0, 1, 1, 0, 1, 1, 0, 0, 1, 0, 5.0000),
('saurabh_nitb', 583, 0, 1, 1, 1, 0, 1, 1, 0, 0, 1, 0, 5.9850),
('shubhtibrewal', 990, 0, 1, 1, 1, 0, 1, 1, 0, 0, 1, 0, 5.1714),
('komalnagar', 1156, 0, 0, 1, 1, 0, 1, 1, 0, 0, 1, 0, 5.0000),
('rajatgoyal', 359, 0, 1, 1, 1, 0, 1, 1, 0, 0, 1, 0, 5.9855),
('drsr', 484, 0, 1, 1, 1, 0, 1, 1, 0, 0, 1, 0, 5.9850),
('vats_20294', 1026, 0, 0, 1, 1, 0, 1, 1, 0, 0, 1, 0, 5.0000),
('abcdexter24', 632, 0, 1, 1, 1, 0, 1, 1, 0, 0, 1, 0, 5.9850),
('vaishious', 166, 0, 1, 1, 1, 1, 1, 1, 0, 0, 1, 0, 6.9850),
('shadoww', 268, 0, 0, 1, 1, 1, 1, 1, 0, 0, 1, 0, 6.0000),
('aanchal204', 498, 0, 1, 1, 1, 0, 1, 1, 0, 0, 1, 0, 5.9850),
('pawan161', 417, 0, 1, 1, 1, 0, 1, 1, 0, 0, 1, 0, 5.9850),
('qwerty1', 129, 0, 1, 1, 1, 1, 1, 1, 0, 0, 1, 0, 6.9852),
('yetesh_ch', 1469, 0, 0, 1, 1, 0, 1, 0, 0, 0, 1, 0, 4.0000),
('gauravdrocker', 159, 0, 1, 1, 1, 1, 1, 1, 0, 0, 1, 0, 6.9850),
('devilhector', 2355, 0, 0, 0, 1, 0, 1, 0, 0, 0, 1, 0, 3.0000),
('sammy_kc', 3455, 0, 0, 0, 1, 0, 0, 0, 0, 0, 1, 0, 2.0000),
('shasha1s2', 421, 0, 1, 1, 1, 0, 1, 1, 0, 0, 1, 0, 5.9850),
('fatanugraha', 3905, 0, 0, 0, 1, 0, 0, 0, 0, 0, 0, 0, 1.0000),
('mohdwaseem007', 479, 0, 1, 1, 1, 0, 1, 1, 0, 0, 1, 0, 5.9850),
('nitish1402', 1497, 0, 0, 1, 1, 0, 1, 0, 0, 0, 1, 0, 4.0000),
('mengshangqi', 2722, 0, 0, 0, 1, 0, 0, 0, 0, 0, 1, 0, 2.0000),
('ayushrocker92', 1468, 0, 0, 1, 1, 0, 1, 0, 0, 0, 1, 0, 4.0000),
('aagam94', 3898, 0, 0, 0, 1, 0, 0, 0, 0, 0, 0, 0, 1.0000),
('alok_code', 535, 0, 1, 1, 1, 0, 1, 1, 0, 0, 1, 0, 5.9850),
('rjohari23', 467, 0, 1, 1, 1, 0, 1, 1, 0, 0, 1, 0, 5.9850),
('anurag617', 963, 0, 1, 1, 1, 0, 1, 1, 0, 0, 1, 0, 5.2969),
('ashishm1995', 3461, 0, 0, 0, 1, 0, 0, 0, 0, 0, 1, 0, 2.0000),
('rajvishal777', 502, 0, 1, 1, 1, 0, 1, 1, 0, 0, 1, 0, 5.9850),
('sourabh07', 1414, 0, 1, 0, 1, 0, 1, 1, 0, 0, 1, 0, 4.3762),
('tinchy_stryder', 275, 0, 0, 1, 1, 1, 1, 1, 0, 0, 1, 0, 6.0000),
('ptk23', 1953, 0, 1, 0, 1, 0, 0, 1, 0, 0, 1, 0, 3.3762),
('adityadey2', 1025, 0, 0, 1, 1, 0, 1, 1, 0, 0, 1, 0, 5.0000),
('code11_a', 671, 0, 1, 1, 1, 0, 1, 1, 0, 0, 1, 0, 5.9850),
('sai16vicky', 1704, 0, 0, 1, 1, 0, 1, 0, 0, 0, 1, 0, 4.0000),
('shdut', 1456, 0, 0, 1, 1, 0, 1, 0, 0, 0, 1, 0, 4.0000),
('manasgupta', 3232, 0, 0, 0, 1, 0, 0, 0, 0, 0, 1, 0, 2.0000),
('krish8764', 564, 0, 1, 1, 1, 0, 1, 1, 0, 0, 1, 0, 5.9850),
('vishal29', 1398, 0, 1, 1, 1, 0, 1, 0, 0, 0, 1, 0, 4.3778),
('sahedsohel', 1061, 0, 0, 1, 1, 0, 1, 1, 0, 0, 1, 0, 5.0000),
('code07', 557, 0, 1, 1, 1, 0, 1, 1, 0, 0, 1, 0, 5.9850),
('rijul_saini', 290, 0, 0, 1, 1, 1, 1, 1, 0, 0, 1, 0, 6.0000),
('wsad_hjk', 2000, 0, 0, 0, 1, 0, 1, 0, 0, 0, 1, 0, 3.0000),
('madaan95', 2850, 0, 0, 0, 1, 0, 0, 0, 0, 0, 1, 0, 2.0000),
('aakashk9', 980, 0, 1, 1, 1, 0, 1, 1, 0, 0, 1, 0, 5.1714),
('indian__', 343, 0, 1, 1, 1, 0, 1, 1, 0, 0, 1, 0, 5.9862),
('tiasang', 242, 0, 0, 1, 1, 1, 1, 1, 0, 0, 1, 0, 6.0000),
('arpit_11', 2413, 0, 0, 0, 1, 0, 1, 0, 0, 0, 1, 0, 3.0000),
('ashish1294', 66, 0, 1, 1, 1, 1, 1, 1, 0, 0, 1, 0, 6.9948),
('priyanshu2501', 83, 0, 1, 1, 1, 1, 1, 1, 0, 0, 1, 0, 6.9884),
('nellex', 3527, 0, 0, 0, 1, 0, 0, 0, 0, 0, 1, 0, 2.0000),
('pratyush_kar', 2829, 0, 0, 0, 1, 0, 0, 0, 0, 0, 1, 0, 2.0000),
('na2a', 894, 0, 1, 1, 1, 0, 1, 1, 0, 0, 1, 0, 5.3783),
('wellvolks', 116, 0, 1, 1, 1, 1, 1, 1, 0, 0, 1, 0, 6.9859),
('stylekiller15', 349, 0, 1, 1, 1, 0, 1, 1, 0, 0, 1, 0, 5.9859),
('mohitaasit', 1359, 0, 1, 0, 1, 0, 1, 1, 0, 0, 1, 0, 4.9850),
('ajithps', 558, 0, 1, 1, 1, 0, 1, 1, 0, 0, 1, 0, 5.9850),
('rajeshiiti', 237, 0, 1, 1, 1, 1, 1, 1, 0, 0, 1, 0, 6.1714),
('munish', 2704, 0, 0, 0, 1, 0, 1, 0, 0, 0, 0, 0, 2.0000),
('nnpai53', 1872, 0, 0, 1, 1, 0, 1, 0, 0, 0, 1, 0, 4.0000),
('rubiks', 1363, 0, 1, 0, 1, 0, 1, 1, 0, 0, 1, 0, 4.9850),
('rahulverma95', 2710, 0, 0, 0, 1, 0, 0, 0, 0, 0, 1, 0, 2.0000),
('noob333', 1455, 0, 0, 1, 1, 0, 1, 0, 0, 0, 1, 0, 4.0000),
('dcod', 410, 0, 1, 1, 1, 0, 1, 1, 0, 0, 1, 0, 5.9850),
('jawad', 424, 0, 1, 1, 1, 0, 1, 1, 0, 0, 1, 0, 5.9850),
('zeulb', 25, 1, 1, 1, 1, 1, 1, 1, 0, 0, 1, 0, 7.9850),
('zqqz', 1169, 0, 0, 1, 1, 0, 1, 1, 0, 0, 1, 0, 5.0000),
('shivendra096', 2717, 0, 0, 0, 1, 0, 0, 0, 0, 0, 1, 0, 2.0000),
('aneeshs', 1221, 0, 0, 1, 1, 0, 1, 1, 0, 0, 1, 0, 5.0000),
('adi1994', 322, 0, 1, 1, 1, 0, 1, 1, 0, 0, 1, 0, 5.9911),
('Romi', 423, 0, 1, 1, 1, 0, 1, 1, 0, 0, 1, 0, 5.9850),
('garde_deval', 3899, 0, 0, 0, 1, 0, 0, 0, 0, 0, 0, 0, 1.0000),
('ag0965', 1432, 0, 1, 1, 1, 0, 1, 0, 0, 0, 1, 0, 4.1714),
('ankit_ism', 92, 0, 1, 1, 1, 1, 1, 1, 0, 0, 1, 0, 6.9876),
('soumya_singh', 1495, 0, 0, 1, 1, 0, 1, 0, 0, 0, 1, 0, 4.0000),
('codeman004', 666, 0, 1, 1, 1, 0, 1, 1, 0, 0, 1, 0, 5.9850),
('arpitjaiz2412', 3900, 0, 0, 0, 1, 0, 0, 0, 0, 0, 0, 0, 1.0000),
('upendra2412', 1327, 0, 1, 1, 1, 0, 1, 0, 0, 0, 1, 0, 4.9850),
('pranjuldb', 161, 0, 1, 1, 1, 1, 1, 1, 0, 0, 1, 0, 6.9850),
('sujaykr_2012', 879, 0, 1, 1, 1, 0, 1, 1, 0, 0, 1, 0, 5.3791),
('fleimgruber', 900, 0, 1, 1, 1, 0, 1, 1, 0, 0, 1, 0, 5.3781),
('pratik1_sharma', 1590, 0, 0, 1, 1, 0, 1, 0, 0, 0, 1, 0, 4.0000),
('zhuohan123', 36, 1, 1, 1, 1, 1, 1, 1, 0, 0, 1, 0, 7.9850),
('coderaditya', 2809, 0, 0, 0, 1, 0, 0, 0, 0, 0, 1, 0, 2.0000),
('rajat290792', 1086, 0, 0, 1, 1, 0, 1, 1, 0, 0, 1, 0, 5.0000),
('rezwan4029', 135, 0, 1, 1, 1, 1, 1, 1, 0, 0, 1, 0, 6.9850),
('stimuli', 755, 0, 1, 1, 1, 0, 1, 1, 0, 0, 1, 0, 5.9850),
('raksm1989', 859, 0, 1, 1, 1, 0, 1, 1, 0, 0, 1, 0, 5.5616),
('div8063', 686, 0, 1, 1, 1, 0, 1, 1, 0, 0, 1, 0, 5.9850),
('mshokry10', 3901, 0, 0, 0, 1, 0, 0, 0, 0, 0, 0, 0, 1.0000),
('rupak_biswas', 2183, 0, 0, 0, 1, 0, 1, 0, 0, 0, 1, 0, 3.0000),
('lavishkothari', 1583, 0, 0, 1, 1, 0, 1, 0, 0, 0, 1, 0, 4.0000),
('luka_13', 1328, 0, 1, 1, 1, 0, 1, 0, 0, 0, 1, 0, 4.9850),
('shockproof', 1050, 0, 0, 1, 1, 0, 1, 1, 0, 0, 1, 0, 5.0000),
('bokam', 1649, 0, 0, 1, 1, 0, 1, 0, 0, 0, 1, 0, 4.0000),
('achinrocker', 2826, 0, 0, 0, 1, 0, 0, 0, 0, 0, 1, 0, 2.0000),
('gks3112', 3347, 0, 0, 0, 1, 0, 0, 0, 0, 0, 1, 0, 2.0000),
('sugusor', 269, 0, 0, 1, 1, 1, 1, 1, 0, 0, 1, 0, 6.0000),
('sud210', 2041, 0, 0, 0, 1, 0, 1, 0, 0, 0, 1, 0, 3.0000),
('nafis', 23, 1, 1, 1, 1, 1, 1, 1, 0, 0, 1, 0, 7.9867),
('sandeepshankar', 348, 0, 1, 1, 1, 0, 1, 1, 0, 0, 1, 0, 5.9859),
('shadow30', 1976, 0, 0, 0, 1, 0, 1, 0, 0, 0, 1, 0, 3.0000),
('avneet_singh14', 594, 0, 1, 1, 1, 0, 1, 1, 0, 0, 1, 0, 5.9850),
('mithunbose', 2045, 0, 0, 0, 1, 0, 1, 0, 0, 0, 1, 0, 3.0000),
('chinu029', 2796, 0, 0, 0, 1, 0, 0, 0, 0, 0, 1, 0, 2.0000),
('mukii', 2751, 0, 0, 0, 1, 0, 0, 0, 0, 0, 1, 0, 2.0000),
('mohit0513', 645, 0, 1, 1, 1, 0, 1, 1, 0, 0, 1, 0, 5.9850),
('desktop', 1479, 0, 0, 0, 1, 0, 1, 1, 0, 0, 1, 0, 4.0000),
('shakti11094', 381, 0, 1, 1, 1, 0, 1, 1, 0, 0, 1, 0, 5.9850),
('progkiller123', 926, 0, 1, 1, 1, 0, 1, 1, 0, 0, 1, 0, 5.3762),
('mastnaveen', 3902, 0, 0, 0, 1, 0, 0, 0, 0, 0, 0, 0, 1.0000),
('codemex', 400, 0, 1, 1, 1, 0, 1, 1, 0, 0, 1, 0, 5.9850),
('harshitrai', 2695, 0, 0, 0, 1, 0, 0, 0, 0, 0, 1, 0, 2.0000),
('abhratanu', 1461, 0, 0, 1, 1, 0, 1, 0, 0, 0, 1, 0, 4.0000),
('gdisastery1', 927, 0, 1, 1, 1, 0, 1, 1, 0, 0, 1, 0, 5.3762),
('newcoders', 992, 0, 1, 1, 1, 0, 1, 1, 0, 0, 1, 0, 5.1714),
('kshitij_iiita', 1970, 0, 0, 0, 1, 0, 1, 0, 0, 0, 1, 0, 3.0000),
('firdous_cool', 1352, 0, 1, 1, 1, 0, 1, 0, 0, 0, 1, 0, 4.9850),
('ravi0213', 1615, 0, 0, 1, 1, 0, 1, 0, 0, 0, 1, 0, 4.0000),
('purvi2', 3903, 0, 0, 0, 1, 0, 0, 0, 0, 0, 0, 0, 1.0000),
('gbrocks', 162, 0, 1, 1, 1, 1, 1, 1, 0, 0, 1, 0, 6.9850),
('jnbharat1992', 2042, 0, 0, 0, 1, 0, 1, 0, 0, 0, 1, 0, 3.0000),
('rachitmanit', 469, 0, 1, 1, 1, 0, 1, 1, 0, 0, 1, 0, 5.9850),
('bharat6dx', 1373, 0, 1, 1, 1, 0, 1, 0, 0, 0, 1, 0, 4.9850),
('ana1nd_9', 1377, 0, 1, 1, 1, 0, 1, 0, 0, 0, 1, 0, 4.9828),
('mittal12', 3904, 0, 0, 0, 1, 0, 0, 0, 0, 0, 0, 0, 1.0000),
('vksid12', 2696, 0, 0, 0, 1, 0, 0, 0, 0, 0, 1, 0, 2.0000),
('saurabh060792', 1141, 0, 0, 1, 1, 0, 1, 1, 0, 0, 1, 0, 5.0000),
('lost_prophet7', 3233, 0, 0, 0, 1, 0, 0, 0, 0, 0, 1, 0, 2.0000),
('manitabhijeet', 1431, 0, 1, 1, 1, 0, 1, 0, 0, 0, 1, 0, 4.1714),
('cs1120him', 672, 0, 1, 1, 1, 0, 1, 1, 0, 0, 1, 0, 5.9850),
('dalvik_king', 607, 0, 1, 1, 1, 0, 1, 1, 0, 0, 1, 0, 5.9850),
('hector15', 1250, 0, 0, 1, 1, 0, 1, 1, 0, 0, 1, 0, 5.0000),
('sam1509', 389, 0, 1, 1, 1, 0, 1, 1, 0, 0, 1, 0, 5.9850),
('mail_job', 1684, 0, 0, 1, 1, 0, 1, 0, 0, 0, 1, 0, 4.0000),
('cyberax', 226, 0, 1, 1, 1, 1, 1, 1, 0, 0, 1, 0, 6.3762),
('souravkuila127', 341, 0, 1, 1, 1, 0, 1, 1, 0, 0, 1, 0, 5.9862),
('deepsaggas', 720, 0, 1, 1, 1, 0, 1, 1, 0, 0, 1, 0, 5.9850),
('abcde12345', 458, 0, 1, 1, 1, 0, 1, 1, 0, 0, 1, 0, 5.9850),
('shiam', 1988, 0, 0, 0, 1, 0, 1, 0, 0, 0, 1, 0, 3.0000),
('sarax', 1515, 0, 0, 1, 1, 0, 1, 0, 0, 0, 1, 0, 4.0000),
('cool_techie', 1150, 0, 0, 1, 1, 0, 1, 1, 0, 0, 1, 0, 5.0000),
('ndatta', 149, 0, 1, 1, 1, 1, 1, 1, 0, 0, 1, 0, 6.9850),
('raoss420', 2410, 0, 0, 0, 1, 0, 1, 0, 0, 0, 1, 0, 3.0000),
('adhish', 891, 0, 1, 1, 1, 0, 1, 1, 0, 0, 1, 0, 5.3785),
('shoaib627', 1638, 0, 0, 1, 1, 0, 1, 0, 0, 0, 1, 0, 4.0000),
('utkarshsri291', 468, 0, 1, 1, 1, 0, 1, 1, 0, 0, 1, 0, 5.9850),
('man_nit', 2280, 0, 0, 1, 1, 0, 0, 0, 0, 0, 1, 0, 3.0000),
('iit2011075', 2311, 0, 0, 0, 1, 0, 1, 0, 0, 0, 1, 0, 3.0000),
('divzz', 2312, 0, 0, 0, 1, 0, 1, 0, 0, 0, 1, 0, 3.0000),
('ubergeek', 1548, 0, 0, 1, 1, 0, 1, 0, 0, 0, 1, 0, 4.0000),
('adithya93', 2694, 0, 0, 0, 1, 0, 0, 0, 0, 0, 1, 0, 2.0000),
('obnoxious_soul', 508, 0, 1, 1, 1, 0, 1, 1, 0, 0, 1, 0, 5.9850),
('dubeyproton392', 1919, 0, 1, 0, 1, 0, 1, 0, 0, 0, 1, 0, 3.9850),
('pkacprzak', 1491, 0, 0, 1, 1, 0, 1, 0, 0, 0, 1, 0, 4.0000),
('dokster', 3906, 0, 0, 0, 1, 0, 0, 0, 0, 0, 0, 0, 1.0000),
('copyde', 1484, 0, 0, 1, 1, 0, 1, 0, 0, 0, 1, 0, 4.0000),
('MarioYC', 277, 0, 0, 1, 1, 1, 1, 1, 0, 0, 1, 0, 6.0000),
('lucifer2709', 2700, 0, 0, 0, 1, 0, 0, 0, 0, 0, 1, 0, 2.0000),
('euphoria', 3425, 0, 0, 0, 1, 0, 0, 0, 0, 0, 1, 0, 2.0000),
('funkyamt', 1475, 0, 0, 1, 1, 0, 1, 0, 0, 0, 1, 0, 4.0000),
('shubhtrig', 1915, 0, 1, 0, 1, 0, 1, 0, 0, 0, 1, 0, 3.9850),
('oldschoolburke', 3914, 0, 0, 0, 1, 0, 0, 0, 0, 0, 0, 0, 1.0000),
('architmittal', 1038, 0, 0, 1, 1, 0, 1, 1, 0, 0, 1, 0, 5.0000),
('rishavz_sagar', 3915, 0, 0, 0, 1, 0, 0, 0, 0, 0, 0, 0, 1.0000),
('gengengen', 22, 0, 1, 1, 1, 1, 1, 1, 0, 1, 1, 0, 7.9889),
('aqibpandit', 1595, 0, 0, 1, 1, 0, 1, 0, 0, 0, 1, 0, 4.0000),
('kartikgill', 2420, 0, 0, 0, 1, 0, 1, 0, 0, 0, 1, 0, 3.0000),
('wilderz', 526, 0, 1, 1, 1, 0, 1, 1, 0, 0, 1, 0, 5.9850),
('kshitij_jain', 449, 0, 1, 1, 1, 0, 1, 1, 0, 0, 1, 0, 5.9850),
('evan_hossain', 589, 0, 1, 1, 1, 0, 1, 1, 0, 0, 1, 0, 5.9850),
('gc_nit', 396, 0, 1, 1, 1, 0, 1, 1, 0, 0, 1, 0, 5.9850),
('incruator', 1951, 0, 1, 0, 1, 0, 0, 1, 0, 0, 1, 0, 3.3762),
('bony2023', 331, 0, 1, 1, 1, 0, 1, 1, 0, 0, 1, 0, 5.9867),
('sidrakesh93', 1112, 0, 0, 1, 1, 0, 1, 1, 0, 0, 1, 0, 5.0000),
('tilak326', 352, 0, 1, 1, 1, 0, 1, 1, 0, 0, 1, 0, 5.9859),
('keshav_kabra29', 1176, 0, 0, 1, 1, 0, 1, 1, 0, 0, 1, 0, 5.0000),
('jayeshlahori', 2028, 0, 0, 0, 1, 0, 1, 0, 0, 0, 1, 0, 3.0000),
('dev705370', 105, 0, 1, 1, 1, 1, 1, 1, 0, 0, 1, 0, 6.9863),
('a2n3k7it', 600, 0, 1, 1, 1, 0, 1, 1, 0, 0, 1, 0, 5.9850),
('seerajchamp', 809, 0, 1, 1, 1, 0, 1, 1, 0, 0, 1, 0, 5.9850),
('sdsrk', 1718, 0, 0, 1, 1, 0, 1, 0, 0, 0, 1, 0, 4.0000),
('geniucos', 137, 0, 1, 1, 1, 1, 1, 1, 0, 0, 1, 0, 6.9850),
('tuxedo_aman', 1673, 0, 0, 1, 1, 0, 1, 0, 0, 0, 1, 0, 4.0000),
('gauravkumar28', 2101, 0, 0, 0, 1, 0, 1, 0, 0, 0, 1, 0, 3.0000),
('supratim_17', 2954, 0, 0, 0, 1, 0, 0, 0, 0, 0, 1, 0, 2.0000),
('adarsh_agarwal', 2703, 0, 0, 0, 1, 0, 0, 0, 0, 0, 1, 0, 2.0000),
('shubhampatwa', 2137, 0, 0, 0, 1, 0, 1, 0, 0, 0, 1, 0, 3.0000),
('nikhil17_92', 337, 0, 1, 1, 1, 0, 1, 1, 0, 0, 1, 0, 5.9862),
('priyansh_93', 2297, 0, 0, 1, 1, 0, 0, 0, 0, 0, 1, 0, 3.0000),
('pangeran', 3907, 0, 0, 0, 1, 0, 0, 0, 0, 0, 0, 0, 1.0000),
('anu10', 3908, 0, 0, 0, 1, 0, 0, 0, 0, 0, 0, 0, 1.0000),
('kidcoder', 596, 0, 1, 1, 1, 0, 1, 1, 0, 0, 1, 0, 5.9850),
('seyrdavid', 1972, 0, 0, 0, 1, 0, 1, 0, 0, 0, 1, 0, 3.0000),
('coolvaibhav', 1440, 0, 1, 1, 1, 0, 1, 0, 0, 0, 1, 0, 4.1714),
('mca_123', 367, 0, 1, 1, 1, 0, 1, 1, 0, 0, 1, 0, 5.9853),
('avinish', 595, 0, 1, 1, 1, 0, 1, 1, 0, 0, 1, 0, 5.9850),
('coder_x91', 1619, 0, 0, 1, 1, 0, 1, 0, 0, 0, 1, 0, 4.0000),
('kellymilla18', 391, 0, 1, 1, 1, 0, 1, 1, 0, 0, 1, 0, 5.9850),
('bayram98tm', 1998, 0, 0, 0, 1, 0, 1, 0, 0, 0, 1, 0, 3.0000),
('robie', 654, 0, 1, 1, 1, 0, 1, 1, 0, 0, 1, 0, 5.9850),
('apoorv2404', 2008, 0, 0, 0, 1, 0, 1, 0, 0, 0, 1, 0, 3.0000),
('abhiabhishek', 1549, 0, 0, 1, 1, 0, 1, 0, 0, 0, 1, 0, 4.0000),
('block4o', 3909, 0, 0, 0, 1, 0, 0, 0, 0, 0, 0, 0, 1.0000),
('karanaggarwal', 108, 0, 1, 1, 1, 1, 1, 1, 0, 0, 1, 0, 6.9862),
('sarveshmahajan', 115, 0, 1, 1, 1, 1, 1, 1, 0, 0, 1, 0, 6.9859),
('hujun', 1490, 0, 0, 1, 1, 0, 1, 0, 0, 0, 1, 0, 4.0000),
('k3k33', 1531, 0, 0, 1, 1, 0, 1, 0, 0, 0, 1, 0, 4.0000),
('vikascingh', 791, 0, 1, 1, 1, 0, 1, 1, 0, 0, 1, 0, 5.9850),
('yuvraj375', 984, 0, 1, 1, 1, 0, 1, 1, 0, 0, 1, 0, 5.1714),
('iit2009104', 3927, 0, 0, 0, 1, 0, 0, 0, 0, 0, 0, 0, 1.0000),
('anmolgarg27', 2697, 0, 0, 0, 1, 0, 0, 0, 0, 0, 1, 0, 2.0000),
('cod_123', 2281, 0, 0, 0, 1, 0, 1, 0, 0, 0, 1, 0, 3.0000),
('vishal94', 996, 0, 1, 1, 1, 0, 1, 1, 0, 0, 1, 0, 5.1714),
('kuchh_bhi', 520, 0, 1, 1, 1, 0, 1, 1, 0, 0, 1, 0, 5.9850),
('tamsil1amani3_', 3910, 0, 0, 0, 1, 0, 0, 0, 0, 0, 0, 0, 1.0000),
('nishant_141077', 429, 0, 1, 1, 1, 0, 1, 1, 0, 0, 1, 0, 5.9850),
('myar2', 1062, 0, 0, 1, 1, 0, 1, 1, 0, 0, 1, 0, 5.0000),
('kunal361', 580, 0, 1, 1, 1, 0, 1, 1, 0, 0, 1, 0, 5.9850),
('aakashanuj', 432, 0, 1, 1, 1, 0, 1, 1, 0, 0, 1, 0, 5.9850),
('jainshanu_95', 539, 0, 1, 1, 1, 0, 1, 1, 0, 0, 1, 0, 5.9850),
('aditya09', 457, 0, 1, 1, 1, 0, 1, 1, 0, 0, 1, 0, 5.9850),
('raaghav8', 3911, 0, 0, 0, 1, 0, 0, 0, 0, 0, 0, 0, 1.0000),
('rams_0108', 501, 0, 1, 1, 1, 0, 1, 1, 0, 0, 1, 0, 5.9850),
('gauravanand25', 765, 0, 1, 1, 1, 0, 1, 1, 0, 0, 1, 0, 5.9850),
('tabletgeldi', 2707, 0, 0, 0, 1, 0, 0, 0, 0, 0, 1, 0, 2.0000),
('rishabh2012', 878, 0, 1, 1, 1, 0, 1, 1, 0, 0, 1, 0, 5.3791),
('pallavdgr8', 592, 0, 1, 1, 1, 0, 1, 1, 0, 0, 1, 0, 5.9850),
('resulhan', 3116, 0, 0, 0, 1, 0, 0, 0, 0, 0, 1, 0, 2.0000),
('arjun01', 656, 0, 1, 1, 1, 0, 1, 1, 0, 0, 1, 0, 5.9850),
('binon', 56, 0, 0, 1, 1, 1, 1, 1, 0, 1, 1, 0, 7.0000),
('piyushsharma21', 3912, 0, 0, 0, 1, 0, 0, 0, 0, 0, 0, 0, 1.0000),
('deepanshum007', 1458, 0, 0, 1, 1, 0, 1, 0, 0, 0, 1, 0, 4.0000),
('garv07', 435, 0, 1, 1, 1, 0, 1, 1, 0, 0, 1, 0, 5.9850),
('pankaj_gudlani', 1044, 0, 0, 1, 1, 0, 1, 1, 0, 0, 1, 0, 5.0000),
('pranitshah91', 1492, 0, 0, 1, 1, 0, 1, 0, 0, 0, 1, 0, 4.0000),
('walrus666', 1580, 0, 0, 1, 1, 0, 1, 0, 0, 0, 1, 0, 4.0000),
('aditya_1234', 448, 0, 1, 1, 1, 0, 1, 1, 0, 0, 1, 0, 5.9850),
('gaurav_786', 3913, 0, 0, 0, 1, 0, 0, 0, 0, 0, 0, 0, 1.0000),
('yash_15', 1410, 0, 1, 0, 1, 0, 1, 1, 0, 0, 1, 0, 4.3762),
('oscuro', 2680, 0, 1, 0, 1, 0, 0, 0, 0, 0, 1, 0, 2.3762),
('parc18', 2719, 0, 0, 0, 1, 0, 0, 0, 0, 0, 1, 0, 2.0000),
('linux', 1764, 0, 0, 1, 1, 0, 0, 1, 0, 0, 1, 0, 4.0000),
('sahilvjs', 235, 0, 1, 1, 1, 1, 1, 1, 0, 0, 1, 0, 6.1714),
('rvndr', 3318, 0, 0, 0, 1, 0, 0, 0, 0, 0, 1, 0, 2.0000),
('demidenko', 2736, 0, 0, 1, 0, 1, 0, 0, 0, 0, 0, 0, 2.0000),
('rihaan1991', 336, 0, 1, 1, 1, 0, 1, 1, 0, 0, 1, 0, 5.9863),
('madexe', 276, 0, 0, 1, 1, 1, 1, 1, 0, 0, 1, 0, 6.0000),
('a9adi835812319', 452, 0, 1, 1, 1, 0, 1, 1, 0, 0, 1, 0, 5.9850),
('tgamerz', 472, 0, 1, 1, 1, 0, 1, 1, 0, 0, 1, 0, 5.9850),
('evanlimanto', 1467, 0, 0, 1, 1, 0, 1, 0, 0, 0, 1, 0, 4.0000),
('pankajboora89', 1392, 0, 1, 0, 1, 0, 1, 1, 0, 0, 1, 0, 4.3778),
('kierguevara', 563, 0, 1, 1, 1, 0, 1, 1, 0, 0, 1, 0, 5.9850),
('ravik5253', 496, 0, 1, 1, 1, 0, 1, 1, 0, 0, 1, 0, 5.9850),
('venky_5556', 414, 0, 1, 1, 1, 0, 1, 1, 0, 0, 1, 0, 5.9850),
('manavs19', 1117, 0, 0, 1, 1, 0, 1, 1, 0, 0, 1, 0, 5.0000),
('ashish580839', 2087, 0, 0, 0, 1, 0, 1, 0, 0, 0, 1, 0, 3.0000),
('krish728', 3916, 0, 0, 0, 1, 0, 0, 0, 0, 0, 0, 0, 1.0000),
('shivek_nsit', 2194, 0, 0, 1, 1, 0, 0, 0, 0, 0, 1, 0, 3.0000),
('docodon', 533, 0, 1, 1, 1, 0, 1, 1, 0, 0, 1, 0, 5.9850),
('alex3er', 2079, 0, 0, 0, 1, 0, 1, 0, 0, 0, 1, 0, 3.0000),
('nida', 321, 0, 1, 1, 1, 0, 1, 1, 0, 0, 1, 0, 5.9913),
('chaman_amit', 2841, 0, 0, 0, 1, 0, 0, 0, 0, 0, 1, 0, 2.0000),
('srj_micheal', 1952, 0, 1, 0, 1, 0, 0, 1, 0, 0, 1, 0, 3.3762),
('arti1990', 234, 0, 1, 1, 1, 1, 1, 1, 0, 0, 1, 0, 6.1714),
('andyislanky', 2821, 0, 0, 0, 1, 0, 0, 0, 0, 0, 1, 0, 2.0000),
('agarwalsarthak', 2811, 0, 0, 0, 1, 0, 0, 0, 0, 0, 1, 0, 2.0000),
('koushik12_iu', 3917, 0, 0, 0, 1, 0, 0, 0, 0, 0, 0, 0, 1.0000),
('sergej_t', 213, 0, 1, 1, 1, 1, 1, 1, 0, 0, 1, 0, 6.3788),
('vikas2805', 1973, 0, 0, 0, 1, 0, 1, 0, 0, 0, 1, 0, 3.0000),
('raiden09', 3230, 0, 0, 0, 1, 0, 0, 0, 0, 0, 1, 0, 2.0000),
('bnidhin', 2743, 0, 0, 0, 1, 0, 0, 0, 0, 0, 1, 0, 2.0000),
('james1985', 995, 0, 1, 1, 1, 0, 1, 1, 0, 0, 1, 0, 5.1714),
('pritam1', 505, 0, 1, 1, 1, 0, 1, 1, 0, 0, 1, 0, 5.9850),
('wittyceaser', 848, 0, 1, 1, 1, 0, 1, 1, 0, 0, 1, 0, 5.9799),
('gaurav34065', 547, 0, 1, 1, 1, 0, 1, 1, 0, 0, 1, 0, 5.9850),
('bolt082', 2705, 0, 0, 0, 1, 0, 0, 0, 0, 0, 1, 0, 2.0000),
('saanc', 438, 0, 1, 1, 1, 0, 1, 1, 0, 0, 1, 0, 5.9850),
('ssmedishetty', 3168, 0, 0, 0, 1, 0, 0, 0, 0, 0, 1, 0, 2.0000),
('scott11', 1123, 0, 0, 1, 1, 0, 1, 1, 0, 0, 1, 0, 5.0000),
('Rishit_Sanmukha', 385, 0, 1, 0, 0, 0, 0, 0, 0, 0, 0, 0, 1.0000),
('centralspike', 1594, 0, 0, 1, 1, 0, 1, 0, 0, 0, 1, 0, 4.0000),
('sarthakp', 1519, 0, 0, 1, 1, 0, 1, 0, 0, 0, 1, 0, 4.0000),
('r4r313', 456, 0, 1, 1, 1, 0, 1, 1, 0, 0, 1, 0, 5.9850),
('freako', 3918, 0, 0, 0, 1, 0, 0, 0, 0, 0, 0, 0, 1.0000),
('subhanjay', 1982, 0, 0, 0, 1, 0, 1, 0, 0, 0, 1, 0, 3.0000),
('rohit_kumar1', 453, 0, 1, 1, 1, 0, 1, 1, 0, 0, 1, 0, 5.9850),
('vikasreddy', 3919, 0, 0, 0, 1, 0, 0, 0, 0, 0, 0, 0, 1.0000),
('amanjain110893', 875, 0, 1, 1, 1, 0, 1, 1, 0, 0, 1, 0, 5.3792),
('nayek', 2154, 0, 0, 0, 1, 0, 1, 0, 0, 0, 1, 0, 3.0000),
('amit09', 1971, 0, 0, 0, 1, 0, 1, 0, 0, 0, 1, 0, 3.0000),
('mailoalerts', 1007, 0, 1, 1, 1, 0, 1, 1, 0, 0, 1, 0, 5.1714),
('iitr_sonu', 2709, 0, 0, 0, 1, 0, 0, 0, 0, 0, 1, 0, 2.0000),
('garvayush_3840', 360, 0, 1, 1, 1, 0, 1, 1, 0, 0, 1, 0, 5.9855),
('vanillathunder', 2535, 0, 0, 0, 1, 0, 1, 0, 0, 0, 1, 0, 3.0000),
('yashv', 612, 0, 1, 1, 1, 0, 1, 1, 0, 0, 1, 0, 5.9850),
('saajan', 527, 0, 1, 1, 1, 0, 1, 1, 0, 0, 1, 0, 5.9850),
('rvrohit251994', 426, 0, 1, 1, 1, 0, 1, 1, 0, 0, 1, 0, 5.9850),
('sourabh_doliya', 2713, 0, 0, 0, 1, 0, 0, 0, 0, 0, 1, 0, 2.0000),
('akashaple', 1991, 0, 0, 0, 1, 0, 1, 0, 0, 0, 1, 0, 3.0000),
('rbit_42', 2725, 0, 0, 0, 1, 0, 0, 0, 0, 0, 1, 0, 2.0000),
('sourabh_manit', 478, 0, 1, 1, 1, 0, 1, 1, 0, 0, 1, 0, 5.9850),
('abhijeet_1', 1125, 0, 0, 1, 1, 0, 1, 1, 0, 0, 1, 0, 5.0000),
('yashmehrotra', 1435, 0, 1, 1, 1, 0, 1, 0, 0, 0, 1, 0, 4.1714),
('shreeshaprabhu', 1127, 0, 0, 1, 1, 0, 1, 1, 0, 0, 1, 0, 5.0000),
('agrlcode', 2699, 0, 0, 0, 1, 0, 0, 0, 0, 0, 1, 0, 2.0000),
('bulatov', 32, 1, 1, 1, 1, 1, 1, 1, 0, 0, 1, 0, 7.9850),
('pieprzu', 211, 0, 1, 1, 1, 1, 1, 1, 0, 0, 1, 0, 6.3927),
('priyadmathur', 2702, 0, 0, 0, 1, 0, 0, 0, 0, 0, 1, 0, 2.0000),
('saraln', 3920, 0, 0, 0, 1, 0, 0, 0, 0, 0, 0, 0, 1.0000),
('vicky2135', 677, 0, 1, 1, 1, 0, 1, 1, 0, 0, 1, 0, 5.9850),
('confused555', 871, 0, 1, 1, 1, 0, 1, 1, 0, 0, 1, 0, 5.3805),
('aayush2k11', 2038, 0, 0, 0, 1, 0, 1, 0, 0, 0, 1, 0, 3.0000),
('guptakeshav', 459, 0, 1, 1, 1, 0, 1, 1, 0, 0, 1, 0, 5.9850),
('juan_mata', 866, 0, 1, 1, 1, 0, 1, 1, 0, 0, 1, 0, 5.4013),
('shubham_4mnnit', 1487, 0, 0, 1, 1, 0, 1, 0, 0, 0, 1, 0, 4.0000),
('anshkhanna7', 3921, 0, 0, 0, 1, 0, 0, 0, 0, 0, 0, 0, 1.0000),
('rahulec103', 2267, 0, 0, 0, 1, 0, 1, 0, 0, 0, 1, 0, 3.0000),
('ishail', 2701, 0, 0, 0, 1, 0, 0, 0, 0, 0, 1, 0, 2.0000),
('amrutalele', 3922, 0, 0, 0, 1, 0, 0, 0, 0, 0, 0, 0, 1.0000),
('upendra1234', 1380, 0, 1, 1, 1, 0, 1, 0, 0, 0, 1, 0, 4.3799),
('psvr', 2720, 0, 0, 0, 1, 0, 0, 0, 0, 0, 1, 0, 2.0000),
('sahil2305dua', 3937, 0, 0, 0, 1, 0, 0, 0, 0, 0, 0, 0, 1.0000),
('sultanofswing', 428, 0, 1, 1, 1, 0, 1, 1, 0, 0, 1, 0, 5.9850),
('kumarchoudhary', 2818, 0, 0, 0, 1, 0, 0, 0, 0, 0, 1, 0, 2.0000),
('mathcoder', 1494, 0, 0, 1, 1, 0, 1, 0, 0, 0, 1, 0, 4.0000),
('polingy', 2261, 0, 0, 0, 1, 0, 1, 0, 0, 0, 1, 0, 3.0000),
('ankit2311', 1064, 0, 0, 1, 1, 0, 1, 1, 0, 0, 1, 0, 5.0000),
('meintoo', 997, 0, 1, 1, 1, 0, 1, 1, 0, 0, 1, 0, 5.1714),
('jackwhj', 1975, 0, 0, 0, 1, 0, 1, 0, 0, 0, 1, 0, 3.0000),
('ayuman', 715, 0, 1, 1, 1, 0, 1, 1, 0, 0, 1, 0, 5.9850),
('baozhao', 176, 0, 1, 1, 1, 1, 1, 1, 0, 0, 1, 0, 6.9850),
('anikaitshivam', 418, 0, 1, 1, 1, 0, 1, 1, 0, 0, 1, 0, 5.9850),
('naren_2048', 1616, 0, 0, 1, 1, 0, 1, 0, 0, 0, 1, 0, 4.0000),
('himan2392', 3923, 0, 0, 0, 1, 0, 0, 0, 0, 0, 0, 0, 1.0000),
('cerberuss', 1439, 0, 1, 0, 1, 0, 1, 1, 0, 0, 1, 0, 4.1714),
('zimpha', 324, 0, 1, 1, 1, 0, 1, 1, 0, 0, 1, 0, 5.9894),
('god_father', 1321, 0, 1, 1, 1, 0, 1, 0, 0, 0, 1, 0, 4.9859),
('svnykmrcode', 2745, 0, 0, 0, 1, 0, 0, 0, 0, 0, 1, 0, 2.0000),
('shubham12', 465, 0, 1, 1, 1, 0, 1, 1, 0, 0, 1, 0, 5.9850),
('aaravindkumar', 3395, 0, 0, 0, 1, 0, 0, 0, 0, 0, 1, 0, 2.0000),
('sagar0907', 138, 0, 1, 1, 1, 1, 1, 1, 0, 0, 1, 0, 6.9850),
('mmmmm', 2095, 0, 0, 0, 1, 0, 1, 0, 0, 0, 1, 0, 3.0000),
('alokmnnitcs', 3924, 0, 0, 0, 1, 0, 0, 0, 0, 0, 0, 0, 1.0000),
('vinay_s17', 3925, 0, 0, 0, 1, 0, 0, 0, 0, 0, 0, 0, 1.0000),
('charizard', 79, 0, 1, 1, 1, 1, 1, 1, 0, 0, 1, 0, 6.9885),
('kode_k', 1610, 0, 0, 1, 1, 0, 1, 0, 0, 0, 1, 0, 4.0000),
('z10shashi96_4', 681, 0, 1, 1, 1, 0, 1, 1, 0, 0, 1, 0, 5.9850),
('agrawal1084', 1974, 0, 0, 0, 1, 0, 1, 0, 0, 0, 1, 0, 3.0000),
('codeshubh', 157, 0, 1, 1, 1, 1, 1, 1, 0, 0, 1, 0, 6.9850),
('p1kul9_', 3926, 0, 0, 0, 1, 0, 0, 0, 0, 0, 0, 0, 1.0000),
('iit2011177', 2266, 0, 0, 0, 1, 0, 1, 0, 0, 0, 1, 0, 3.0000),
('felic92', 886, 0, 1, 1, 1, 0, 1, 1, 0, 0, 1, 0, 5.3788),
('krobin_93', 1964, 0, 1, 0, 1, 0, 1, 0, 0, 0, 1, 0, 3.1713),
('akshatsood95', 2858, 0, 0, 0, 1, 0, 0, 0, 0, 0, 1, 0, 2.0000),
('code_note', 73, 0, 1, 1, 1, 1, 1, 1, 0, 0, 1, 0, 6.9912),
('devanshug', 1792, 0, 0, 1, 1, 0, 1, 0, 0, 0, 1, 0, 4.0000),
('iakashz', 2187, 0, 0, 1, 1, 0, 0, 0, 0, 0, 1, 0, 3.0000),
('rishabh_misra', 451, 0, 1, 1, 1, 0, 1, 1, 0, 0, 1, 0, 5.9850),
('rantd', 497, 0, 1, 1, 1, 0, 1, 1, 0, 0, 1, 0, 5.9850),
('biswarupb', 487, 0, 1, 1, 1, 0, 1, 1, 0, 0, 1, 0, 5.9850),
('lovish_21', 617, 0, 1, 1, 1, 0, 1, 1, 0, 0, 1, 0, 5.9850),
('sandilya28', 3928, 0, 0, 0, 1, 0, 0, 0, 0, 0, 0, 0, 1.0000),
('anupam02', 2230, 0, 0, 0, 1, 0, 1, 0, 0, 0, 1, 0, 3.0000),
('me_harsh8', 1809, 0, 0, 1, 1, 0, 1, 0, 0, 0, 1, 0, 4.0000),
('ksumit72', 3934, 0, 0, 0, 1, 0, 0, 0, 0, 0, 0, 0, 1.0000),
('naumi_786', 493, 0, 1, 1, 1, 0, 1, 1, 0, 0, 1, 0, 5.9850),
('pankajdoley', 1111, 0, 0, 1, 1, 0, 1, 1, 0, 0, 1, 0, 5.0000),
('lokwanivanshaj', 3936, 0, 0, 0, 1, 0, 0, 0, 0, 0, 0, 0, 1.0000),
('giri89riggy', 3957, 0, 0, 0, 1, 0, 0, 0, 0, 0, 0, 0, 1.0000),
('aalhadkulkarni', 845, 0, 1, 1, 1, 0, 1, 1, 0, 0, 1, 0, 5.9833),
('shubham1402', 101, 0, 1, 1, 1, 1, 1, 1, 0, 0, 1, 0, 6.9865),
('firenice', 1070, 0, 0, 1, 1, 0, 1, 1, 0, 0, 1, 0, 5.0000),
('naag_aditya', 983, 0, 1, 1, 1, 0, 1, 1, 0, 0, 1, 0, 5.1714),
('jobseeker007', 964, 0, 1, 1, 1, 0, 1, 1, 0, 0, 1, 0, 5.2798),
('shivendra_it', 880, 0, 1, 1, 1, 0, 1, 1, 0, 0, 1, 0, 5.3791),
('pk000192', 1986, 0, 0, 0, 1, 0, 1, 0, 0, 0, 1, 0, 3.0000),
('totu', 2708, 0, 0, 0, 1, 0, 0, 0, 0, 0, 1, 0, 2.0000),
('fbaddict123', 2569, 0, 0, 0, 1, 0, 1, 0, 0, 0, 1, 0, 3.0000),
('codetackler', 574, 0, 1, 1, 1, 0, 1, 1, 0, 0, 1, 0, 5.9850),
('abhiin1947', 2117, 0, 0, 0, 1, 0, 1, 0, 0, 0, 1, 0, 3.0000),
('rkm_coder', 1537, 0, 0, 1, 1, 0, 1, 0, 0, 0, 1, 0, 4.0000),
('mohdaltaf', 689, 0, 1, 1, 1, 0, 1, 1, 0, 0, 1, 0, 5.9850),
('canismajoris', 1270, 0, 0, 1, 1, 0, 1, 1, 0, 0, 1, 0, 5.0000),
('piyush1agarwal', 540, 0, 1, 1, 1, 0, 1, 1, 0, 0, 1, 0, 5.9850),
('hitesh091', 385, 0, 1, 1, 1, 0, 1, 1, 0, 0, 1, 0, 5.9850),
('j4nu5', 1034, 0, 0, 1, 1, 0, 1, 1, 0, 0, 1, 0, 5.0000),
('mant', 2748, 0, 0, 0, 1, 0, 0, 0, 0, 0, 1, 0, 2.0000),
('me1130652', 1077, 0, 0, 1, 1, 0, 1, 1, 0, 0, 1, 0, 5.0000),
('sainivikas', 2966, 0, 0, 0, 1, 0, 0, 0, 0, 0, 1, 0, 2.0000),
('surya1016', 3929, 0, 0, 0, 1, 0, 0, 0, 0, 0, 0, 0, 1.0000),
('gonephishing', 2728, 0, 0, 0, 1, 0, 0, 0, 0, 0, 1, 0, 2.0000),
('mb95', 2980, 0, 0, 0, 1, 0, 0, 0, 0, 0, 1, 0, 2.0000),
('starfishbits', 3161, 0, 0, 0, 1, 0, 0, 0, 0, 0, 1, 0, 2.0000),
('vjmanit', 3930, 0, 0, 0, 1, 0, 0, 0, 0, 0, 0, 0, 1.0000),
('shivmitra', 1154, 0, 0, 1, 1, 0, 1, 1, 0, 0, 1, 0, 5.0000),
('thealphaking01', 2706, 0, 0, 0, 1, 0, 0, 0, 0, 0, 1, 0, 2.0000),
('rivudas', 952, 0, 1, 1, 1, 0, 1, 1, 0, 0, 1, 0, 5.3735),
('piyush8490', 3931, 0, 0, 0, 1, 0, 0, 0, 0, 0, 0, 0, 1.0000),
('pinki9295', 1761, 0, 0, 1, 1, 0, 0, 1, 0, 0, 1, 0, 4.0000),
('vaidymit_2013', 2013, 0, 0, 0, 1, 0, 1, 0, 0, 0, 1, 0, 3.0000),
('abhinavjain241', 2371, 0, 0, 1, 1, 0, 0, 0, 0, 0, 1, 0, 3.0000),
('electron_001', 1428, 0, 1, 1, 1, 0, 1, 0, 0, 0, 1, 0, 4.1714),
('m1tu3', 1459, 0, 0, 1, 1, 0, 1, 0, 0, 0, 1, 0, 4.0000),
('nishanth_v', 3932, 0, 0, 0, 1, 0, 0, 0, 0, 0, 0, 0, 1.0000),
('sidharth157', 1160, 0, 0, 1, 1, 0, 1, 1, 0, 0, 1, 0, 5.0000),
('niksjaiswal', 1993, 0, 0, 0, 1, 0, 1, 0, 0, 0, 1, 0, 3.0000),
('ani25', 1618, 0, 0, 1, 1, 0, 1, 0, 0, 0, 1, 0, 4.0000),
('harshgupta9424', 3478, 0, 0, 0, 1, 0, 0, 0, 0, 0, 1, 0, 2.0000),
('nurlashko_cc', 1116, 0, 0, 1, 1, 0, 1, 1, 0, 0, 1, 0, 5.0000),
('m_lordki', 2059, 0, 0, 0, 1, 0, 1, 0, 0, 0, 1, 0, 3.0000),
('veerajskhokale', 114, 0, 1, 1, 1, 1, 1, 1, 0, 0, 1, 0, 6.9861),
('light76', 2979, 0, 0, 0, 1, 0, 0, 0, 0, 0, 1, 0, 2.0000),
('prakash1529', 975, 0, 1, 1, 1, 0, 1, 1, 0, 0, 1, 0, 5.1714),
('codehunter2012', 1987, 0, 0, 0, 1, 0, 1, 0, 0, 0, 1, 0, 3.0000),
('c0mrade56', 2871, 0, 0, 0, 1, 0, 0, 0, 0, 0, 1, 0, 2.0000),
('nhaldipuri', 2726, 0, 0, 0, 1, 0, 0, 0, 0, 0, 1, 0, 2.0000),
('ab13123002', 1188, 0, 0, 1, 1, 0, 1, 1, 0, 0, 1, 0, 5.0000),
('archit008', 3477, 0, 0, 0, 1, 0, 0, 0, 0, 0, 1, 0, 2.0000),
('lifecodemohit', 669, 0, 1, 1, 1, 0, 1, 1, 0, 0, 1, 0, 5.9850),
('orzzgg', 31, 1, 1, 1, 1, 1, 1, 1, 0, 0, 1, 0, 7.9850),
('erepb', 1029, 0, 0, 1, 1, 0, 1, 1, 0, 0, 1, 0, 5.0000),
('pramesh94', 2730, 0, 0, 0, 1, 0, 0, 0, 0, 0, 1, 0, 2.0000),
('real_arif', 1989, 0, 0, 0, 1, 0, 1, 0, 0, 0, 1, 0, 3.0000),
('aquamini', 2716, 0, 0, 0, 1, 0, 0, 0, 0, 0, 1, 0, 2.0000),
('shantanu618', 439, 0, 1, 1, 1, 0, 1, 1, 0, 0, 1, 0, 5.9850),
('aasheesh_verma', 99, 0, 1, 1, 1, 1, 1, 1, 0, 0, 1, 0, 6.9867),
('mohit22995', 1612, 0, 0, 0, 1, 0, 1, 1, 0, 0, 1, 0, 4.0000),
('sharique_5', 2721, 0, 0, 0, 1, 0, 0, 0, 0, 0, 1, 0, 2.0000),
('chalubhalu', 440, 0, 1, 1, 1, 0, 1, 1, 0, 0, 1, 0, 5.9850),
('insaynasasin', 3933, 0, 0, 0, 1, 0, 0, 0, 0, 0, 0, 0, 1.0000),
('aash1shik', 2711, 0, 0, 0, 1, 0, 0, 0, 0, 0, 1, 0, 2.0000),
('destroo', 850, 0, 1, 1, 1, 0, 1, 1, 0, 0, 1, 0, 5.9714),
('aniruddha_nitb', 461, 0, 1, 1, 1, 0, 1, 1, 0, 0, 1, 0, 5.9850),
('rohit13080', 2411, 0, 0, 0, 1, 0, 1, 0, 0, 0, 1, 0, 3.0000),
('adi_pearl', 981, 0, 1, 1, 1, 0, 1, 1, 0, 0, 1, 0, 5.1714),
('rahul1993', 1278, 0, 0, 1, 1, 0, 1, 1, 0, 0, 1, 0, 5.0000),
('swagath_sr', 2262, 0, 0, 0, 1, 0, 1, 0, 0, 0, 1, 0, 3.0000),
('shubham234', 3935, 0, 0, 0, 1, 0, 0, 0, 0, 0, 0, 0, 1.0000),
('vartul11', 1254, 0, 0, 1, 1, 0, 1, 1, 0, 0, 1, 0, 5.0000),
('zcoder', 954, 0, 1, 1, 1, 0, 1, 1, 0, 0, 1, 0, 5.3735),
('kurmi286', 1626, 0, 0, 1, 1, 0, 0, 1, 0, 0, 1, 0, 4.0000),
('amansharma26', 2712, 0, 0, 0, 1, 0, 0, 0, 0, 0, 1, 0, 2.0000),
('itzirfan', 953, 0, 1, 1, 1, 0, 1, 1, 0, 0, 1, 0, 5.3735),
('vucaoquy1', 2714, 0, 0, 0, 1, 0, 0, 0, 0, 0, 1, 0, 2.0000),
('nitinbisht11', 1193, 0, 0, 1, 1, 0, 1, 1, 0, 0, 1, 0, 5.0000),
('alexey_enkov', 1460, 0, 0, 1, 1, 0, 1, 0, 0, 0, 1, 0, 4.0000),
('mdimran111', 2860, 0, 0, 0, 1, 0, 0, 0, 0, 0, 1, 0, 2.0000),
('nt_nishant', 1650, 0, 0, 0, 1, 0, 1, 1, 0, 0, 1, 0, 4.0000),
('avastpulkit', 534, 0, 1, 1, 1, 0, 1, 1, 0, 0, 1, 0, 5.9850),
('rednivrug15', 80, 0, 1, 1, 1, 1, 1, 1, 0, 0, 1, 0, 6.9885),
('zcy1zhy3', 967, 0, 1, 1, 1, 0, 1, 1, 0, 0, 1, 0, 5.2008),
('dragonslayerx', 126, 0, 1, 1, 1, 1, 1, 1, 0, 0, 1, 0, 6.9854),
('pipra', 3938, 0, 0, 0, 1, 0, 0, 0, 0, 0, 0, 0, 1.0000),
('navin1kumar5', 2174, 0, 0, 0, 1, 0, 1, 0, 0, 0, 1, 0, 3.0000),
('akki382', 1481, 0, 0, 1, 1, 0, 1, 0, 0, 0, 1, 0, 4.0000),
('witman', 473, 0, 1, 1, 1, 0, 1, 1, 0, 0, 1, 0, 5.9850),
('kg1993', 401, 0, 1, 1, 1, 0, 1, 1, 0, 0, 1, 0, 5.9850),
('shady23', 3939, 0, 0, 0, 1, 0, 0, 0, 0, 0, 0, 0, 1.0000),
('kri1311', 3125, 0, 0, 0, 1, 0, 0, 0, 0, 0, 1, 0, 2.0000),
('rdraj4007', 2838, 0, 0, 0, 1, 0, 0, 0, 0, 0, 1, 0, 2.0000),
('ayush_awasthi', 2747, 0, 0, 0, 1, 0, 0, 0, 0, 0, 1, 0, 2.0000),
('vinaypanchal', 3946, 0, 0, 0, 1, 0, 0, 0, 0, 0, 0, 0, 1.0000),
('mayank_kd', 1081, 0, 0, 1, 1, 0, 1, 1, 0, 0, 1, 0, 5.0000),
('wodahs_cc', 76, 0, 1, 1, 1, 1, 1, 1, 0, 0, 1, 0, 6.9900),
('chetangupta97', 2825, 0, 0, 0, 1, 0, 0, 0, 0, 0, 1, 0, 2.0000),
('liuminghua', 27, 1, 1, 1, 1, 1, 1, 1, 0, 0, 1, 0, 7.9850),
('anuroop', 3940, 0, 0, 0, 1, 0, 0, 0, 0, 0, 0, 0, 1.0000),
('zimuyanzi', 1083, 0, 0, 1, 1, 0, 1, 1, 0, 0, 1, 0, 5.0000),
('bitfear', 2715, 0, 0, 0, 1, 0, 0, 0, 0, 0, 1, 0, 2.0000),
('olalia', 244, 0, 0, 1, 1, 1, 1, 1, 0, 0, 1, 0, 6.0000),
('imposter', 3941, 0, 0, 0, 1, 0, 0, 0, 0, 0, 0, 0, 1.0000),
('trump', 2002, 0, 0, 0, 1, 0, 1, 0, 0, 0, 1, 0, 3.0000),
('samsaurabh', 2377, 0, 0, 0, 1, 0, 1, 0, 0, 0, 1, 0, 3.0000),
('deepu_codes', 973, 0, 1, 1, 1, 0, 1, 1, 0, 0, 1, 0, 5.1714),
('sachin200894', 3949, 0, 0, 0, 1, 0, 0, 0, 0, 0, 0, 0, 1.0000),
('pramodkumar', 2046, 0, 0, 0, 1, 0, 1, 0, 0, 0, 1, 0, 3.0000),
('krishna4206', 2769, 0, 0, 0, 1, 0, 0, 0, 0, 0, 1, 0, 2.0000),
('menopro', 474, 0, 1, 1, 1, 0, 1, 1, 0, 0, 1, 0, 5.9850),
('rdabas', 1153, 0, 0, 1, 1, 0, 1, 1, 0, 0, 1, 0, 5.0000),
('amar111', 2023, 0, 0, 0, 1, 0, 1, 0, 0, 0, 1, 0, 3.0000),
('vishnukarthik', 613, 0, 1, 1, 1, 0, 1, 1, 0, 0, 1, 0, 5.9850),
('pavankriplani', 2132, 0, 0, 0, 1, 0, 1, 0, 0, 0, 1, 0, 3.0000),
('shantanuja', 3942, 0, 0, 0, 1, 0, 0, 0, 0, 0, 0, 0, 1.0000),
('c0deck', 2118, 0, 0, 0, 1, 0, 1, 0, 0, 0, 1, 0, 3.0000),
('devil_coder', 545, 0, 1, 1, 1, 0, 1, 1, 0, 0, 1, 0, 5.9850),
('aman1123', 499, 0, 1, 1, 1, 0, 1, 1, 0, 0, 1, 0, 5.9850),
('pulkitarora26', 849, 0, 1, 1, 1, 0, 1, 1, 0, 0, 1, 0, 5.9799),
('fission', 2071, 0, 0, 0, 1, 0, 1, 0, 0, 0, 1, 0, 3.0000),
('mastermind2112', 3943, 0, 0, 0, 1, 0, 0, 0, 0, 0, 0, 0, 1.0000),
('vickypanke176', 1587, 0, 0, 1, 1, 0, 1, 0, 0, 0, 1, 0, 4.0000),
('edy001', 251, 0, 0, 1, 1, 1, 1, 1, 0, 0, 1, 0, 6.0000),
('lastday008', 1185, 0, 0, 1, 1, 0, 1, 1, 0, 0, 1, 0, 5.0000),
('s145', 2718, 0, 0, 0, 1, 0, 0, 0, 0, 0, 1, 0, 2.0000),
('sayan1994', 387, 0, 1, 1, 1, 0, 1, 1, 0, 0, 1, 0, 5.9850),
('prinanav', 3137, 0, 0, 0, 1, 0, 0, 0, 0, 0, 1, 0, 2.0000),
('unsungwarrior', 510, 0, 1, 1, 1, 0, 1, 1, 0, 0, 1, 0, 5.9850),
('iwillmakeitbig', 2094, 0, 0, 0, 1, 0, 1, 0, 0, 0, 1, 0, 3.0000),
('maks1906', 1457, 0, 0, 1, 1, 0, 1, 0, 0, 0, 1, 0, 4.0000),
('anuragdbl', 3944, 0, 0, 0, 1, 0, 0, 0, 0, 0, 0, 0, 1.0000),
('abhishek_iiita', 160, 0, 1, 1, 1, 1, 1, 1, 0, 0, 1, 0, 6.9850),
('rock21293', 1472, 0, 0, 1, 1, 0, 1, 0, 0, 0, 1, 0, 4.0000),
('mohd_arif', 1390, 0, 1, 1, 1, 0, 1, 0, 0, 0, 1, 0, 4.3779),
('bvskp1994', 1981, 0, 0, 0, 1, 0, 1, 0, 0, 0, 1, 0, 3.0000),
('sandeepsun00', 572, 0, 1, 1, 1, 0, 1, 1, 0, 0, 1, 0, 5.9850),
('nitinj', 442, 0, 1, 1, 1, 0, 1, 1, 0, 0, 1, 0, 5.9850),
('zigzig', 3279, 0, 0, 0, 1, 0, 0, 0, 0, 0, 1, 0, 2.0000),
('freestyler', 3945, 0, 0, 0, 1, 0, 0, 0, 0, 0, 0, 0, 1.0000),
('ab_decoded', 1179, 0, 0, 1, 1, 0, 1, 1, 0, 0, 1, 0, 5.0000),
('ayansome1', 1826, 0, 0, 1, 1, 0, 1, 0, 0, 0, 1, 0, 4.0000),
('sk97045', 3947, 0, 0, 0, 1, 0, 0, 0, 0, 0, 0, 0, 1.0000),
('manish05', 64, 0, 1, 1, 1, 1, 1, 1, 0, 0, 1, 0, 6.9964),
('iafir', 1144, 0, 0, 1, 1, 0, 1, 1, 0, 0, 1, 0, 5.0000),
('mogron', 425, 0, 1, 1, 1, 0, 1, 1, 0, 0, 1, 0, 5.9850),
('anmol95', 1565, 0, 0, 1, 1, 0, 1, 0, 0, 0, 1, 0, 4.0000),
('ayu7777777', 1323, 0, 1, 1, 1, 0, 1, 0, 0, 0, 1, 0, 4.9850),
('rifat1234', 1992, 0, 0, 0, 1, 0, 1, 0, 0, 0, 1, 0, 3.0000),
('somesh29_06', 581, 0, 1, 1, 1, 0, 1, 1, 0, 0, 1, 0, 5.9850),
('nirav_iiitb', 2820, 0, 0, 0, 1, 0, 0, 0, 0, 0, 1, 0, 2.0000),
('suri62', 1824, 0, 0, 1, 1, 0, 1, 0, 0, 0, 1, 0, 4.0000),
('vashishtyash2', 2673, 0, 1, 0, 1, 0, 0, 0, 0, 0, 1, 0, 2.9850),
('bakurits', 1394, 0, 1, 1, 1, 0, 1, 0, 0, 0, 1, 0, 4.3778),
('satyamsingh', 3948, 0, 0, 0, 1, 0, 0, 0, 0, 0, 0, 0, 1.0000),
('bharath14', 3953, 0, 0, 0, 1, 0, 0, 0, 0, 0, 0, 0, 1.0000),
('milesprod', 1943, 0, 1, 0, 1, 0, 1, 0, 0, 0, 1, 0, 3.3778),
('dkrdharmesh', 495, 0, 1, 1, 1, 0, 1, 1, 0, 0, 1, 0, 5.9850),
('wayfinder', 876, 0, 1, 1, 1, 0, 1, 1, 0, 0, 1, 0, 5.3791),
('kundan_kumar', 2819, 0, 0, 0, 1, 0, 0, 0, 0, 0, 1, 0, 2.0000),
('slayer_x', 1146, 0, 0, 1, 1, 0, 1, 1, 0, 0, 1, 0, 5.0000),
('rohansuri', 1803, 0, 0, 1, 1, 0, 1, 0, 0, 0, 1, 0, 4.0000),
('a_g2009', 171, 0, 1, 1, 1, 1, 1, 1, 0, 0, 1, 0, 6.9850),
('doctordanger', 2724, 0, 0, 0, 1, 0, 0, 0, 0, 0, 1, 0, 2.0000),
('faraz1ghazi2_3', 445, 0, 1, 1, 1, 0, 1, 1, 0, 0, 1, 0, 5.9850),
('emachaidze', 399, 0, 1, 1, 1, 0, 1, 1, 0, 0, 1, 0, 5.9850),
('rokimkar', 3061, 0, 0, 0, 1, 0, 0, 0, 0, 0, 1, 0, 2.0000),
('huzecong', 26, 1, 1, 1, 1, 1, 1, 1, 0, 0, 1, 0, 7.9850),
('coding_addict', 735, 0, 1, 1, 1, 0, 1, 1, 0, 0, 1, 0, 5.9850),
('Najmuzzaman', 127, 0, 1, 1, 1, 1, 1, 1, 0, 0, 1, 0, 6.9852),
('rock321987', 3950, 0, 0, 0, 1, 0, 0, 0, 0, 0, 0, 0, 1.0000),
('ak29', 621, 0, 1, 1, 1, 0, 1, 1, 0, 0, 1, 0, 5.9850),
('algory_6421', 1426, 0, 1, 1, 0, 0, 1, 1, 0, 0, 1, 0, 4.2305),
('mzr_c0der', 584, 0, 1, 1, 1, 0, 1, 1, 0, 0, 1, 0, 5.9850),
('ninja13', 3955, 0, 0, 0, 1, 0, 0, 0, 0, 0, 0, 0, 1.0000),
('jnamit', 2734, 0, 0, 0, 1, 0, 0, 0, 0, 0, 1, 0, 2.0000),
('vr5623', 1942, 0, 1, 0, 1, 0, 1, 0, 0, 0, 1, 0, 3.3782),
('vaibhavjaimini', 1453, 0, 1, 1, 1, 0, 1, 0, 0, 0, 1, 0, 4.1714),
('maheiitr', 406, 0, 1, 1, 1, 0, 1, 1, 0, 0, 1, 0, 5.9850),
('abhishekazad94', 441, 0, 1, 1, 1, 0, 1, 1, 0, 0, 1, 0, 5.9850),
('vivek_008', 2740, 0, 0, 0, 0, 0, 1, 0, 0, 0, 1, 0, 2.0000),
('akhare', 2308, 0, 0, 0, 1, 0, 1, 0, 0, 0, 1, 0, 3.0000),
('mohit1mohit13', 3951, 0, 0, 0, 1, 0, 0, 0, 0, 0, 0, 0, 1.0000),
('sharan_omkar', 1639, 0, 0, 1, 1, 0, 1, 0, 0, 0, 1, 0, 4.0000),
('saadhussain', 1984, 0, 0, 0, 1, 0, 1, 0, 0, 0, 1, 0, 3.0000),
('anshul_garg', 3228, 0, 0, 0, 1, 0, 0, 0, 0, 0, 1, 0, 2.0000),
('chaitz24', 3363, 0, 0, 0, 1, 0, 0, 0, 0, 0, 1, 0, 2.0000),
('damroo', 1002, 0, 1, 1, 1, 0, 1, 1, 0, 0, 1, 0, 5.1714),
('hunkdivine', 3952, 0, 0, 0, 1, 0, 0, 0, 0, 0, 0, 0, 1.0000),
('abhishek1995', 1060, 0, 0, 1, 1, 0, 1, 1, 0, 0, 1, 0, 5.0000),
('vishalsharma', 408, 0, 1, 1, 1, 0, 1, 1, 0, 0, 1, 0, 5.9850),
('vikku1', 2032, 0, 0, 0, 1, 0, 1, 0, 0, 0, 1, 0, 3.0000),
('eka1cha25414', 658, 0, 1, 1, 1, 0, 1, 1, 0, 0, 1, 0, 5.9850),
('randomizer', 1715, 0, 0, 1, 1, 0, 1, 0, 0, 0, 1, 0, 4.0000),
('ankit2204', 1397, 0, 1, 1, 1, 0, 1, 0, 0, 0, 1, 0, 4.3778),
('mohit5it9', 1949, 0, 1, 0, 1, 0, 1, 0, 0, 0, 1, 0, 3.3762),
('ebab', 3967, 0, 0, 0, 1, 0, 0, 0, 0, 0, 0, 0, 1.0000),
('iitianankit', 2193, 0, 0, 0, 1, 0, 1, 0, 0, 0, 1, 0, 3.0000),
('thegunner2401', 274, 0, 0, 1, 1, 1, 1, 1, 0, 0, 1, 0, 6.0000),
('mandyjohar23', 530, 0, 1, 1, 1, 0, 1, 1, 0, 0, 1, 0, 5.9850),
('tj91', 3052, 0, 0, 0, 1, 0, 0, 0, 0, 0, 1, 0, 2.0000),
('bdzl', 51, 1, 0, 1, 1, 1, 1, 1, 0, 0, 1, 0, 7.0000),
('haibaraai', 930, 0, 1, 1, 1, 0, 1, 1, 0, 0, 1, 0, 5.3762),
('gagansharma', 1354, 0, 1, 1, 1, 0, 1, 0, 0, 0, 1, 0, 4.9850),
('uditsharma7', 1654, 0, 0, 1, 1, 0, 1, 0, 0, 0, 1, 0, 4.0000),
('aj_21', 746, 0, 1, 1, 1, 0, 1, 1, 0, 0, 1, 0, 5.9850),
('d1k5', 2519, 0, 0, 0, 1, 0, 1, 0, 0, 0, 1, 0, 3.0000),
('lee_the_chef', 3969, 0, 0, 0, 1, 0, 0, 0, 0, 0, 0, 0, 1.0000),
('sumit6b', 3978, 0, 0, 0, 1, 0, 0, 0, 0, 0, 0, 0, 1.0000),
('jaydeepmdp', 591, 0, 1, 1, 1, 0, 1, 1, 0, 0, 1, 0, 5.9850),
('jbaramidze', 1091, 0, 0, 1, 1, 0, 1, 1, 0, 0, 1, 0, 5.0000),
('alphaparticle', 1341, 0, 1, 0, 1, 0, 1, 1, 0, 0, 1, 0, 4.9850),
('amir_bh', 219, 0, 1, 1, 1, 1, 1, 1, 0, 0, 1, 0, 6.3766),
('priyanshgoel', 725, 0, 1, 1, 1, 0, 1, 1, 0, 0, 1, 0, 5.9850),
('deepak_sirone', 650, 0, 1, 1, 1, 0, 1, 1, 0, 0, 1, 0, 5.9850),
('al_helal', 2324, 0, 0, 0, 1, 0, 1, 0, 0, 0, 1, 0, 3.0000),
('bright_coder', 165, 0, 1, 1, 1, 1, 1, 1, 0, 0, 1, 0, 6.9850),
('mdkalim', 2765, 0, 0, 0, 1, 0, 1, 0, 0, 0, 0, 0, 2.0000),
('morojenoe', 1032, 0, 0, 1, 1, 0, 1, 1, 0, 0, 1, 0, 5.0000),
('bingsanchun', 3980, 0, 0, 0, 1, 0, 0, 0, 0, 0, 0, 0, 1.0000),
('cbgiri_001', 573, 0, 1, 1, 1, 0, 1, 1, 0, 0, 1, 0, 5.9850),
('harsimran_hs4', 3267, 0, 0, 0, 1, 0, 0, 0, 0, 0, 1, 0, 2.0000),
('sandeep200296', 1260, 0, 0, 1, 1, 0, 1, 1, 0, 0, 1, 0, 5.0000),
('surajtripathi', 2834, 0, 0, 0, 1, 0, 0, 0, 0, 0, 1, 0, 2.0000),
('prudvinit', 2881, 0, 0, 0, 1, 0, 0, 0, 0, 0, 1, 0, 2.0000),
('hk02', 470, 0, 1, 1, 1, 0, 1, 1, 0, 0, 1, 0, 5.9850),
('dhanpath', 569, 0, 1, 1, 1, 0, 1, 1, 0, 0, 1, 0, 5.9850),
('sajju', 1066, 0, 0, 1, 1, 0, 1, 1, 0, 0, 1, 0, 5.0000),
('dhruvchadha', 1473, 0, 0, 1, 1, 0, 1, 0, 0, 0, 1, 0, 4.0000),
('loch_ish', 1584, 0, 0, 1, 1, 0, 1, 0, 0, 0, 1, 0, 4.0000),
('ashish1992', 2055, 0, 0, 0, 1, 0, 1, 0, 0, 0, 1, 0, 3.0000),
('thenextgen', 243, 0, 0, 1, 1, 1, 1, 1, 0, 0, 1, 0, 6.0000),
('codingstar', 560, 0, 1, 1, 1, 0, 1, 1, 0, 0, 1, 0, 5.9850),
('thedcoder', 1523, 0, 0, 1, 1, 0, 1, 0, 0, 0, 1, 0, 4.0000),
('aasthi', 3954, 0, 0, 0, 1, 0, 0, 0, 0, 0, 0, 0, 1.0000),
('saurabhskj', 1036, 0, 0, 1, 1, 0, 1, 1, 0, 0, 1, 0, 5.0000),
('nadeem13ahamed', 437, 0, 1, 1, 1, 0, 1, 1, 0, 0, 1, 0, 5.9850),
('mayoor_11', 164, 0, 1, 1, 1, 1, 1, 1, 0, 0, 1, 0, 6.9850),
('meenasalika', 3956, 0, 0, 0, 1, 0, 0, 0, 0, 0, 0, 0, 1.0000),
('anjaney29', 611, 0, 1, 1, 1, 0, 1, 1, 0, 0, 1, 0, 5.9850),
('striker45', 1922, 0, 1, 0, 1, 0, 1, 0, 0, 0, 1, 0, 3.9850),
('rahul_7', 1945, 0, 1, 0, 1, 0, 1, 0, 0, 0, 1, 0, 3.3778),
('tanay187', 1731, 0, 0, 0, 1, 0, 1, 1, 0, 0, 1, 0, 4.0000),
('francissalva06', 2463, 0, 0, 0, 1, 0, 1, 0, 0, 0, 1, 0, 3.0000),
('complexgene', 2202, 0, 0, 0, 1, 0, 1, 0, 0, 0, 1, 0, 3.0000),
('anmolchugh19', 494, 0, 1, 1, 1, 0, 1, 1, 0, 0, 1, 0, 5.9850),
('algo_addict', 3153, 0, 0, 0, 0, 0, 1, 0, 0, 0, 1, 0, 2.0000),
('kishu18_agar', 1977, 0, 0, 0, 1, 0, 1, 0, 0, 0, 1, 0, 3.0000),
('kape46h8_1', 2887, 0, 0, 0, 1, 0, 0, 0, 0, 0, 1, 0, 2.0000),
('alexsam', 1033, 0, 0, 1, 1, 0, 1, 1, 0, 0, 1, 0, 5.0000),
('snk967', 1012, 0, 1, 1, 1, 0, 1, 1, 0, 0, 1, 0, 5.1714),
('steveraghavan', 1914, 0, 1, 0, 1, 0, 1, 0, 0, 0, 1, 0, 3.9850),
('tinochagua', 1560, 0, 0, 1, 1, 0, 1, 0, 0, 0, 1, 0, 4.0000),
('ap_hawkdown', 330, 0, 1, 1, 1, 0, 1, 1, 0, 0, 1, 0, 5.9868),
('hellgeek', 998, 0, 1, 1, 1, 0, 1, 1, 0, 0, 1, 0, 5.1714),
('gautam94', 3424, 0, 0, 0, 1, 0, 1, 0, 0, 0, 0, 0, 2.0000),
('chiru100366', 454, 0, 1, 1, 1, 0, 1, 1, 0, 0, 1, 0, 5.9850),
('ashchamp', 351, 0, 1, 1, 1, 0, 1, 1, 0, 0, 1, 0, 5.9859),
('abhi_93104', 1357, 0, 1, 0, 1, 0, 1, 1, 0, 0, 1, 0, 4.9850),
('rohit1324', 1623, 0, 0, 1, 1, 0, 1, 0, 0, 0, 1, 0, 4.0000),
('zeusr31', 446, 0, 1, 1, 1, 0, 1, 1, 0, 0, 1, 0, 5.9850),
('veneno', 1630, 0, 0, 1, 1, 0, 1, 0, 0, 0, 1, 0, 4.0000),
('caioaao', 861, 0, 1, 1, 1, 0, 1, 1, 0, 0, 1, 0, 5.5395),
('vivek_17', 2677, 0, 1, 0, 1, 0, 0, 0, 0, 0, 1, 0, 2.3778),
('spcodes', 2332, 0, 0, 0, 1, 0, 0, 1, 0, 0, 1, 0, 3.0000),
('bookworm', 2030, 0, 0, 0, 1, 0, 1, 0, 0, 0, 1, 0, 3.0000),
('tapopadma', 1550, 0, 0, 1, 1, 0, 1, 0, 0, 0, 1, 0, 4.0000),
('coderakki', 3958, 0, 0, 0, 1, 0, 0, 0, 0, 0, 0, 0, 1.0000),
('dijikstra', 647, 0, 1, 1, 1, 0, 1, 1, 0, 0, 1, 0, 5.9850),
('arindam168', 1262, 0, 0, 1, 1, 0, 1, 1, 0, 0, 1, 0, 5.0000),
('c0d3junki3', 1279, 0, 0, 1, 1, 1, 1, 0, 0, 0, 1, 0, 5.0000),
('avmnusng', 3959, 0, 0, 0, 1, 0, 0, 0, 0, 0, 0, 0, 1.0000),
('middha', 3960, 0, 0, 0, 1, 0, 0, 0, 0, 0, 0, 0, 1.0000),
('har93d', 1411, 0, 1, 1, 1, 0, 1, 0, 0, 0, 1, 0, 4.3762),
('srijansao2012', 2051, 0, 0, 0, 1, 0, 1, 0, 0, 0, 1, 0, 3.0000),
('aelor', 3961, 0, 0, 0, 1, 0, 0, 0, 0, 0, 0, 0, 1.0000),
('astroboy', 3962, 0, 0, 0, 1, 0, 0, 0, 0, 0, 0, 0, 1.0000),
('demo', 1462, 0, 0, 1, 1, 0, 1, 0, 0, 0, 1, 0, 4.0000),
('piyush_2012', 2078, 0, 0, 0, 1, 0, 1, 0, 0, 0, 1, 0, 3.0000),
('SaurabhIT-BHU', 2893, 0, 0, 0, 1, 0, 0, 0, 0, 0, 1, 0, 2.0000),
('ucandoit', 2985, 0, 0, 0, 1, 0, 0, 0, 0, 0, 1, 0, 2.0000),
('k0stia', 245, 0, 0, 1, 1, 1, 1, 1, 0, 0, 1, 0, 6.0000),
('saorav21994', 3492, 0, 0, 0, 1, 0, 1, 0, 0, 0, 0, 0, 2.0000),
('nishesh555786', 3392, 0, 0, 0, 1, 0, 0, 0, 0, 0, 1, 0, 2.0000),
('rajatcoder11', 316, 0, 0, 1, 1, 1, 1, 1, 0, 0, 1, 0, 6.0000),
('amitj975', 3973, 0, 0, 0, 1, 0, 0, 0, 0, 0, 0, 0, 1.0000),
('beta7', 690, 0, 1, 1, 1, 0, 1, 1, 0, 0, 1, 0, 5.9850),
('pegasus123', 1985, 0, 0, 0, 1, 0, 1, 0, 0, 0, 1, 0, 3.0000),
('anmol21', 1082, 0, 0, 1, 1, 0, 1, 1, 0, 0, 1, 0, 5.0000),
('kaushik_amit', 1241, 0, 0, 1, 1, 0, 1, 1, 0, 0, 1, 0, 5.0000),
('japoorv', 961, 0, 1, 1, 1, 0, 1, 1, 0, 0, 1, 0, 5.3216),
('himanshusahu06', 1655, 0, 0, 1, 1, 0, 1, 0, 0, 0, 1, 0, 4.0000),
('eddy007', 2191, 0, 0, 0, 1, 0, 1, 0, 0, 0, 1, 0, 3.0000),
('architsmat38', 1555, 0, 0, 1, 1, 0, 1, 0, 0, 0, 1, 0, 4.0000),
('cg109md_1193', 1413, 0, 1, 1, 1, 0, 1, 0, 0, 0, 1, 0, 4.3762),
('kingpin92', 2727, 0, 0, 0, 1, 0, 0, 0, 0, 0, 1, 0, 2.0000),
('unrealsoul007', 1437, 0, 1, 1, 1, 0, 1, 0, 0, 0, 1, 0, 4.1714),
('nitya', 3963, 0, 0, 0, 1, 0, 0, 0, 0, 0, 0, 0, 1.0000),
('hitesh7595', 2842, 0, 0, 0, 1, 0, 0, 0, 0, 0, 1, 0, 2.0000),
('shivani122', 620, 0, 1, 1, 1, 0, 1, 1, 0, 0, 1, 0, 5.9850),
('h_saluja1994', 1671, 0, 0, 1, 1, 0, 1, 0, 0, 0, 1, 0, 4.0000),
('baba1', 3964, 0, 0, 0, 1, 0, 0, 0, 0, 0, 0, 0, 1.0000),
('arpan_kapoor', 623, 0, 1, 1, 1, 0, 1, 1, 0, 0, 1, 0, 5.9850),
('vin4vin4_4', 132, 0, 1, 1, 1, 1, 1, 1, 0, 0, 1, 0, 6.9850),
('tanzaku', 50, 1, 0, 1, 1, 1, 1, 1, 0, 0, 1, 0, 7.0000),
('dhopal', 3965, 0, 0, 0, 1, 0, 0, 0, 0, 0, 0, 0, 1.0000),
('abhisht7', 2502, 0, 0, 0, 1, 0, 1, 0, 0, 0, 1, 0, 3.0000),
('vivek51', 233, 0, 1, 1, 1, 1, 1, 1, 0, 0, 1, 0, 6.1896),
('manic', 3966, 0, 0, 0, 1, 0, 0, 0, 0, 0, 0, 0, 1.0000),
('sunnyphogat', 1344, 0, 1, 1, 1, 0, 1, 0, 0, 0, 1, 0, 4.9850),
('sai23', 3485, 0, 0, 0, 1, 0, 0, 0, 0, 0, 1, 0, 2.0000),
('ingeniosus', 1607, 0, 0, 1, 1, 0, 1, 0, 0, 0, 1, 0, 4.0000),
('harshit1205', 3399, 0, 0, 0, 1, 0, 0, 0, 0, 0, 1, 0, 2.0000),
('bradd123', 3968, 0, 0, 0, 1, 0, 0, 0, 0, 0, 0, 0, 1.0000),
('armike', 962, 0, 1, 1, 1, 0, 1, 1, 0, 0, 1, 0, 5.3157),
('shivvu', 2223, 0, 0, 0, 1, 0, 1, 0, 0, 0, 1, 0, 3.0000),
('ac_c0der', 1478, 0, 0, 1, 1, 0, 1, 0, 0, 0, 1, 0, 4.0000),
('jesi', 1463, 0, 0, 1, 1, 0, 1, 0, 0, 0, 1, 0, 4.0000),
('cnwsycf', 896, 0, 1, 1, 1, 0, 1, 1, 0, 0, 1, 0, 5.3782),
('ashshetty333', 1979, 0, 0, 0, 1, 0, 1, 0, 0, 0, 1, 0, 3.0000),
('sub_zer0', 1980, 0, 0, 0, 1, 0, 1, 0, 0, 0, 1, 0, 3.0000),
('mohhika', 3970, 0, 0, 0, 1, 0, 0, 0, 0, 0, 0, 0, 1.0000),
('parvez_12121', 1110, 0, 0, 1, 1, 0, 1, 1, 0, 0, 1, 0, 5.0000),
('ankitpapan', 1230, 0, 0, 1, 1, 0, 1, 1, 0, 0, 1, 0, 5.0000),
('vijaypal89', 3012, 0, 0, 0, 1, 0, 0, 0, 0, 0, 1, 0, 2.0000),
('gursheel07', 2766, 0, 0, 0, 1, 0, 0, 0, 0, 0, 1, 0, 2.0000),
('vishalkarve15', 77, 0, 1, 1, 1, 1, 1, 1, 0, 0, 1, 0, 6.9895),
('codefor6768', 398, 0, 1, 1, 1, 0, 1, 1, 0, 0, 1, 0, 5.9850),
('prathma_94', 2120, 0, 0, 0, 1, 0, 1, 0, 0, 0, 1, 0, 3.0000),
('vjnan369', 2753, 0, 0, 0, 1, 0, 0, 0, 0, 0, 1, 0, 2.0000),
('arunlakra15', 2822, 0, 0, 0, 1, 0, 0, 0, 0, 0, 1, 0, 2.0000),
('ronaldo_007', 3971, 0, 0, 0, 1, 0, 0, 0, 0, 0, 0, 0, 1.0000),
('lazykoder03', 463, 0, 1, 1, 1, 0, 1, 1, 0, 0, 1, 0, 5.9850),
('kritika_ria', 3972, 0, 0, 0, 1, 0, 0, 0, 0, 0, 0, 0, 1.0000),
('delta003', 293, 0, 0, 1, 1, 1, 1, 1, 0, 0, 1, 0, 6.0000),
('harsha2904', 1554, 0, 0, 1, 1, 0, 1, 0, 0, 0, 1, 0, 4.0000),
('max0505', 2264, 0, 0, 0, 1, 0, 1, 0, 0, 0, 1, 0, 3.0000),
('kg_1993', 2835, 0, 0, 0, 0, 0, 0, 1, 0, 0, 1, 0, 2.0000),
('sananth12', 597, 0, 1, 1, 1, 0, 1, 1, 0, 0, 1, 0, 5.9850),
('adityakumar123', 3056, 0, 0, 0, 1, 0, 0, 0, 0, 0, 1, 0, 2.0000),
('lomesh_13', 1720, 0, 0, 1, 1, 0, 1, 0, 0, 0, 1, 0, 4.0000),
('darkmorning', 1950, 0, 1, 0, 1, 0, 1, 0, 0, 0, 1, 0, 3.3762),
('nurbakhyt', 899, 0, 1, 1, 1, 0, 1, 1, 0, 0, 1, 0, 5.3781),
('arnabghatak22', 373, 0, 1, 1, 1, 0, 1, 1, 0, 0, 1, 0, 5.9851),
('avinashmohak', 2884, 0, 0, 0, 1, 0, 0, 0, 0, 0, 1, 0, 2.0000),
('sajal2301', 2846, 0, 0, 0, 1, 0, 0, 0, 0, 0, 1, 0, 2.0000),
('cereal_killer', 2757, 0, 0, 0, 1, 0, 0, 0, 0, 0, 1, 0, 2.0000),
('vijay1310', 2200, 0, 0, 1, 1, 0, 0, 0, 0, 0, 1, 0, 3.0000),
('tejas_manit', 2075, 0, 0, 0, 1, 0, 1, 0, 0, 0, 1, 0, 3.0000),
('takacsg84', 554, 0, 1, 1, 1, 0, 1, 1, 0, 0, 1, 0, 5.9850),
('weekend1997', 252, 0, 0, 1, 1, 1, 1, 1, 0, 0, 1, 0, 6.0000),
('tottoripaper', 1054, 0, 0, 1, 1, 0, 1, 1, 0, 0, 1, 0, 5.0000),
('shreyans1995', 377, 0, 1, 1, 1, 0, 1, 1, 0, 0, 1, 0, 5.9850),
('professormahi', 3974, 0, 0, 0, 1, 0, 0, 0, 0, 0, 0, 0, 1.0000),
('nb21', 3975, 0, 0, 0, 1, 0, 0, 0, 0, 0, 0, 0, 1.0000),
('nolan', 793, 0, 1, 1, 1, 0, 1, 1, 0, 0, 1, 0, 5.9850),
('daiver19', 249, 0, 0, 1, 1, 1, 1, 1, 0, 0, 1, 0, 6.0000),
('true_man', 977, 0, 1, 1, 1, 0, 1, 1, 0, 0, 1, 0, 5.1714),
('iamsexy', 1530, 0, 0, 1, 1, 0, 1, 0, 0, 0, 1, 0, 4.0000),
('ashish_rathore', 2040, 0, 0, 0, 1, 0, 1, 0, 0, 0, 1, 0, 3.0000),
('ethrealrain', 515, 0, 1, 1, 1, 0, 1, 1, 0, 0, 1, 0, 5.9850),
('thegreyd', 2176, 0, 0, 0, 1, 0, 1, 0, 0, 0, 1, 0, 3.0000),
('tiwari0915', 691, 0, 1, 1, 1, 0, 1, 1, 0, 0, 1, 0, 5.9850),
('ad783', 433, 0, 1, 1, 1, 0, 1, 1, 0, 0, 1, 0, 5.9850),
('altair8502', 1001, 0, 1, 1, 1, 0, 1, 1, 0, 0, 1, 0, 5.1714),
('akash7a3', 3976, 0, 0, 0, 1, 0, 0, 0, 0, 0, 0, 0, 1.0000),
('shubh_heart', 450, 0, 1, 1, 1, 0, 1, 1, 0, 0, 1, 0, 5.9850),
('ayush_kumar', 1923, 0, 1, 0, 1, 0, 1, 0, 0, 0, 1, 0, 3.9850),
('shuvam07', 2849, 0, 0, 0, 1, 0, 0, 0, 0, 0, 1, 0, 2.0000),
('tanvir002700', 1039, 0, 0, 1, 1, 0, 1, 1, 0, 0, 1, 0, 5.0000),
('ndof', 323, 0, 1, 1, 1, 0, 1, 1, 0, 0, 1, 0, 5.9896),
('ajaykumar42', 1068, 0, 0, 1, 1, 0, 1, 1, 0, 0, 1, 0, 5.0000),
('sh1994', 1651, 0, 0, 1, 1, 0, 1, 0, 0, 0, 1, 0, 4.0000),
('baver', 1686, 0, 0, 1, 1, 0, 1, 0, 0, 0, 1, 0, 4.0000),
('nitinsp', 2216, 0, 0, 0, 1, 0, 1, 0, 0, 0, 1, 0, 3.0000),
('amritdevilo', 491, 0, 1, 1, 1, 0, 1, 1, 0, 0, 1, 0, 5.9850),
('safadurimo', 2729, 0, 0, 0, 1, 0, 0, 0, 0, 0, 1, 0, 2.0000),
('magic24', 562, 0, 1, 1, 1, 0, 1, 1, 0, 0, 1, 0, 5.9850),
('dreamer_', 3977, 0, 0, 0, 1, 0, 0, 0, 0, 0, 0, 0, 1.0000),
('rajanimaski', 3329, 0, 0, 0, 1, 0, 0, 0, 0, 0, 1, 0, 2.0000),
('ujraaja', 225, 0, 1, 1, 1, 1, 1, 1, 0, 0, 1, 0, 6.3762),
('khalid545', 209, 0, 1, 1, 1, 1, 1, 1, 0, 0, 1, 0, 6.3940),
('ashwinrajeev', 2070, 0, 0, 0, 1, 0, 1, 0, 0, 0, 1, 0, 3.0000),
('andbluer', 68, 0, 1, 1, 1, 1, 1, 1, 0, 0, 1, 0, 6.9931),
('polymorph_code', 2866, 0, 0, 0, 1, 0, 0, 0, 0, 0, 1, 0, 2.0000),
('v_akshay', 1593, 0, 0, 1, 1, 0, 1, 0, 0, 0, 1, 0, 4.0000),
('harishc07', 3979, 0, 0, 0, 1, 0, 0, 0, 0, 0, 0, 0, 1.0000),
('kkr_manit', 3346, 0, 0, 0, 1, 0, 0, 0, 0, 0, 1, 0, 2.0000),
('ankit141593', 1679, 0, 0, 1, 1, 0, 0, 1, 0, 0, 1, 0, 4.0000),
('eopxd', 1536, 0, 0, 1, 1, 0, 1, 0, 0, 0, 1, 0, 4.0000),
('lerence1201', 248, 0, 0, 1, 1, 1, 1, 1, 0, 0, 1, 0, 6.0000),
('pins', 2772, 0, 0, 0, 1, 0, 0, 0, 0, 0, 1, 0, 2.0000),
('paras885', 383, 0, 1, 1, 1, 0, 1, 1, 0, 0, 1, 0, 5.9850),
('ishaangupta', 443, 0, 1, 1, 1, 0, 1, 1, 0, 0, 1, 0, 5.9850),
('zmxncbv', 978, 0, 1, 1, 1, 0, 1, 1, 0, 0, 1, 0, 5.1714),
('testit', 2873, 0, 0, 0, 1, 0, 0, 1, 0, 0, 0, 0, 2.0000),
('maverick_xiii', 404, 0, 1, 1, 1, 0, 1, 1, 0, 0, 1, 0, 5.9850),
('pankajmore', 1601, 0, 0, 1, 1, 0, 1, 0, 0, 0, 1, 0, 4.0000),
('d1ndra', 3983, 0, 0, 0, 1, 0, 0, 0, 0, 0, 0, 0, 1.0000),
('divyanshu_ds', 711, 0, 1, 1, 1, 0, 1, 1, 0, 0, 1, 0, 5.9850),
('ophunter', 1134, 0, 0, 1, 1, 0, 1, 1, 0, 0, 1, 0, 5.0000),
('abhi_nsit', 1325, 0, 1, 1, 1, 0, 1, 0, 0, 0, 1, 0, 4.9850),
('utkarsh13', 2056, 0, 0, 0, 1, 0, 0, 1, 0, 0, 1, 0, 3.0000),
('dajokr', 2744, 0, 0, 0, 1, 0, 0, 0, 0, 0, 1, 0, 2.0000),
('waquar1234', 2733, 0, 0, 0, 1, 0, 0, 0, 0, 0, 1, 0, 2.0000),
('anusha_12', 2017, 0, 0, 0, 1, 0, 1, 0, 0, 0, 1, 0, 3.0000),
('iec2012069', 1181, 0, 0, 1, 1, 0, 1, 1, 0, 0, 1, 0, 5.0000),
('code_archer', 933, 0, 1, 1, 1, 0, 1, 1, 0, 0, 1, 0, 5.3762),
('utsav_deep', 634, 0, 1, 1, 1, 0, 1, 1, 0, 0, 1, 0, 5.9850),
('jitandroid', 2326, 0, 0, 0, 1, 0, 1, 0, 0, 0, 1, 0, 3.0000),
('fahrbach', 411, 0, 1, 1, 1, 0, 1, 1, 0, 0, 1, 0, 5.9850),
('shubh09', 1464, 0, 0, 1, 1, 0, 1, 0, 0, 0, 1, 0, 4.0000),
('nams', 2731, 0, 0, 0, 1, 0, 0, 0, 0, 0, 1, 0, 2.0000),
('roy_soumya', 2737, 0, 0, 0, 1, 0, 0, 0, 0, 0, 1, 0, 2.0000),
('dhana', 851, 0, 1, 1, 1, 0, 1, 1, 0, 0, 1, 0, 5.9416),
('amit070190', 1625, 0, 0, 1, 1, 0, 1, 0, 0, 0, 1, 0, 4.0000),
('its1me9213', 3158, 0, 0, 0, 1, 0, 0, 0, 0, 0, 1, 0, 2.0000),
('aadil_ahmad', 2732, 0, 0, 0, 1, 0, 0, 0, 0, 0, 1, 0, 2.0000),
('rudra_101', 2006, 0, 0, 0, 1, 0, 1, 0, 0, 0, 1, 0, 3.0000),
('tiwariabhishek', 372, 0, 1, 1, 1, 0, 1, 1, 0, 0, 1, 0, 5.9851),
('ayusha0711', 1027, 0, 0, 1, 1, 0, 1, 1, 0, 0, 1, 0, 5.0000),
('scrm_ayush', 1603, 0, 0, 1, 1, 0, 1, 0, 0, 0, 1, 0, 4.0000),
('ammmaldonado', 868, 0, 1, 1, 1, 0, 1, 1, 0, 0, 1, 0, 5.3878),
('sainath_b', 888, 0, 1, 1, 1, 0, 1, 1, 0, 0, 1, 0, 5.3786),
('rchallapalli', 3444, 0, 0, 0, 1, 0, 0, 0, 0, 0, 1, 0, 2.0000),
('letsctheworld', 1391, 0, 1, 1, 1, 0, 1, 0, 0, 0, 1, 0, 4.3778),
('hemny', 3981, 0, 0, 0, 1, 0, 0, 0, 0, 0, 0, 0, 1.0000),
('adijimmy', 379, 0, 1, 1, 1, 0, 1, 1, 0, 0, 1, 0, 5.9850),
('sweta01_bitm', 2203, 0, 0, 0, 1, 0, 1, 0, 0, 0, 1, 0, 3.0000),
('isha_22', 151, 0, 1, 1, 1, 1, 1, 1, 0, 0, 1, 0, 6.9850),
('apple1', 662, 0, 1, 1, 1, 0, 1, 1, 0, 0, 1, 0, 5.9850),
('finalfight', 1917, 0, 1, 0, 1, 0, 1, 0, 0, 0, 1, 0, 3.9850),
('manjeet24feb', 3982, 0, 0, 0, 1, 0, 0, 0, 0, 0, 0, 0, 1.0000),
('enrevol', 247, 0, 0, 1, 1, 1, 1, 1, 0, 0, 1, 0, 6.0000),
('hellboy_86', 393, 0, 1, 1, 1, 0, 1, 1, 0, 0, 1, 0, 5.9850),
('sharmats28', 1225, 0, 0, 1, 1, 0, 1, 1, 0, 0, 1, 0, 5.0000),
('anuragg228', 2048, 0, 0, 0, 1, 0, 1, 0, 0, 0, 1, 0, 3.0000),
('rodomonte', 221, 0, 1, 1, 1, 1, 1, 1, 0, 0, 1, 0, 6.3764),
('anivesh93', 3002, 0, 0, 0, 1, 0, 0, 0, 0, 0, 1, 0, 2.0000),
('santosh1s3_0', 2739, 0, 0, 0, 1, 0, 0, 0, 0, 0, 1, 0, 2.0000),
('jindalshivam09', 82, 0, 1, 1, 1, 1, 1, 1, 0, 0, 1, 0, 6.9885),
('blitu', 2746, 0, 0, 0, 1, 0, 0, 0, 0, 0, 1, 0, 2.0000),
('nbeginner', 1916, 0, 1, 0, 1, 0, 1, 0, 0, 0, 1, 0, 3.9850),
('nkramakrishnan', 2021, 0, 0, 0, 1, 0, 1, 0, 0, 0, 1, 0, 3.0000),
('km1991', 2044, 0, 0, 0, 1, 0, 1, 0, 0, 0, 1, 0, 3.0000),
('vikas17a', 1670, 0, 0, 1, 1, 0, 1, 0, 0, 0, 1, 0, 4.0000),
('Soumyadip1986', 2749, 0, 0, 0, 1, 0, 0, 0, 0, 0, 1, 0, 2.0000),
('shivam_dixit', 3984, 0, 0, 0, 1, 0, 0, 0, 0, 0, 0, 0, 1.0000),
('maweaver', 1055, 0, 0, 1, 1, 0, 1, 1, 0, 0, 1, 0, 5.0000),
('aayushagarwal', 217, 0, 1, 1, 1, 1, 1, 1, 0, 0, 1, 0, 6.3778),
('hynekdav', 2073, 0, 0, 0, 1, 0, 1, 0, 0, 0, 1, 0, 3.0000),
('nktjhawar', 3985, 0, 0, 0, 1, 0, 0, 0, 0, 0, 0, 0, 1.0000),
('rbishnoi', 3986, 0, 0, 0, 1, 0, 0, 0, 0, 0, 0, 0, 1.0000),
('yoyosonu', 1383, 0, 1, 1, 1, 0, 1, 0, 0, 0, 1, 0, 4.3791),
('programmist', 206, 0, 1, 1, 1, 1, 1, 1, 0, 0, 1, 0, 6.4062),
('minlala', 1009, 0, 1, 1, 1, 0, 1, 1, 0, 0, 1, 0, 5.1714),
('dikshant001', 1404, 0, 1, 1, 1, 0, 1, 0, 0, 0, 1, 0, 4.3770),
('psrihariv', 2052, 0, 0, 0, 1, 0, 1, 0, 0, 0, 1, 0, 3.0000),
('uhateme', 2742, 0, 0, 0, 1, 0, 0, 0, 0, 0, 1, 0, 2.0000),
('ka02', 3987, 0, 0, 0, 1, 0, 0, 0, 0, 0, 0, 0, 1.0000),
('rjrijoy', 2812, 0, 0, 0, 1, 0, 0, 0, 0, 0, 1, 0, 2.0000),
('prastut', 1350, 0, 1, 1, 1, 0, 1, 0, 0, 0, 1, 0, 4.9850),
('dhruvmullick', 529, 0, 1, 1, 1, 0, 1, 1, 0, 0, 1, 0, 5.9850),
('eightnoteight', 2853, 0, 0, 0, 1, 0, 0, 0, 0, 0, 1, 0, 2.0000),
('rusty4122', 2012, 0, 0, 0, 1, 0, 1, 0, 0, 0, 1, 0, 3.0000),
('akul_swamy', 3182, 0, 0, 0, 1, 0, 0, 0, 0, 0, 1, 0, 2.0000),
('ashwinjacob', 2089, 0, 0, 0, 1, 0, 1, 0, 0, 0, 1, 0, 3.0000),
('tapan0007', 909, 0, 1, 1, 1, 0, 1, 1, 0, 0, 1, 0, 5.3778),
('oggy', 546, 0, 1, 1, 1, 0, 1, 1, 0, 0, 1, 0, 5.9850),
('antim_patel', 436, 0, 1, 1, 1, 0, 1, 1, 0, 0, 1, 0, 5.9850),
('dev24k_95', 420, 0, 1, 1, 1, 0, 1, 1, 0, 0, 1, 0, 5.9850),
('simrandeep11', 2360, 0, 0, 0, 1, 0, 1, 0, 0, 0, 1, 0, 3.0000),
('vishalputta', 2053, 0, 0, 0, 1, 0, 1, 0, 0, 0, 1, 0, 3.0000),
('rj_bhati', 3988, 0, 0, 0, 1, 0, 0, 0, 0, 0, 0, 0, 1.0000),
('rohithy1y2_9', 2258, 0, 0, 0, 1, 0, 1, 0, 0, 0, 1, 0, 3.0000),
('codegagu', 3338, 0, 0, 0, 1, 0, 0, 0, 0, 0, 1, 0, 2.0000),
('napster_007', 500, 0, 1, 1, 1, 0, 1, 1, 0, 0, 1, 0, 5.9850),
('glaze', 2114, 0, 0, 0, 1, 0, 1, 0, 0, 0, 1, 0, 3.0000),
('beginners2012', 1333, 0, 1, 1, 1, 0, 1, 0, 0, 0, 1, 0, 4.9850),
('chaemon', 271, 0, 0, 1, 1, 1, 1, 1, 0, 0, 1, 0, 6.0000),
('kadi28', 2391, 0, 0, 0, 1, 0, 1, 0, 0, 0, 1, 0, 3.0000),
('piyush_cc', 1513, 0, 0, 1, 1, 0, 1, 0, 0, 0, 1, 0, 4.0000),
('smalik', 2083, 0, 0, 0, 1, 0, 1, 0, 0, 0, 1, 0, 3.0000),
('algoholic', 1994, 0, 0, 0, 1, 0, 1, 0, 0, 0, 1, 0, 3.0000),
('deepsakre08', 1331, 0, 1, 1, 1, 0, 1, 0, 0, 0, 1, 0, 4.9850),
('takeshicoder', 2160, 0, 0, 1, 1, 0, 0, 0, 0, 0, 1, 0, 3.0000),
('holylycan', 1489, 0, 0, 1, 1, 0, 1, 0, 0, 0, 1, 0, 4.0000),
('amarjitaa', 2752, 0, 0, 0, 1, 0, 0, 0, 0, 0, 1, 0, 2.0000),
('prasun_goyal', 694, 0, 1, 1, 1, 0, 1, 1, 0, 0, 1, 0, 5.9850),
('deepak1789', 907, 0, 1, 1, 1, 0, 1, 1, 0, 0, 1, 0, 5.3778),
('abhinandand1', 2738, 0, 0, 0, 1, 0, 0, 0, 0, 0, 1, 0, 2.0000),
('mohammadmaaz', 285, 0, 0, 1, 1, 1, 1, 1, 0, 0, 1, 0, 6.0000),
('bhavyapruthi', 3989, 0, 0, 0, 1, 0, 0, 0, 0, 0, 0, 0, 1.0000),
('rajans', 2005, 0, 0, 1, 1, 0, 0, 0, 0, 0, 1, 0, 3.0000),
('ramin8', 3164, 0, 0, 0, 1, 0, 0, 0, 0, 0, 1, 0, 2.0000),
('ramin7', 3165, 0, 0, 0, 1, 0, 0, 0, 0, 0, 1, 0, 2.0000),
('hkara657', 2995, 0, 0, 0, 1, 0, 0, 0, 0, 0, 1, 0, 2.0000),
('harshit_sinha9', 3992, 0, 0, 0, 1, 0, 0, 0, 0, 0, 0, 0, 1.0000),
('varchit', 1485, 0, 0, 1, 1, 0, 1, 0, 0, 0, 1, 0, 4.0000),
('aircube', 1035, 0, 0, 1, 1, 0, 1, 1, 0, 0, 1, 0, 5.0000),
('thakrarsagar', 240, 0, 1, 1, 1, 1, 1, 1, 0, 0, 1, 0, 6.1714),
('vipul007ravi', 412, 0, 1, 1, 1, 0, 1, 1, 0, 0, 1, 0, 5.9850),
('itsmepsk', 608, 0, 1, 1, 1, 0, 1, 1, 0, 0, 1, 0, 5.9850),
('tilakputta_', 3990, 0, 0, 0, 1, 0, 0, 0, 0, 0, 0, 0, 1.0000),
('ankita1967', 1004, 0, 1, 1, 1, 0, 1, 1, 0, 0, 1, 0, 5.1714),
('tilakputta', 3993, 0, 0, 0, 1, 0, 0, 0, 0, 0, 0, 0, 1.0000),
('abeyaar', 3273, 0, 0, 0, 0, 0, 1, 0, 0, 0, 1, 0, 2.0000),
('saurabh2816', 4002, 0, 0, 0, 1, 0, 0, 0, 0, 0, 0, 0, 1.0000),
('anujain92', 2189, 0, 0, 1, 1, 0, 0, 0, 0, 0, 1, 0, 3.0000),
('anilesia33', 724, 0, 1, 1, 1, 0, 1, 1, 0, 0, 1, 0, 5.9850),
('herman', 893, 0, 1, 1, 1, 0, 1, 1, 0, 0, 1, 0, 5.3784),
('parikhbansal', 561, 0, 1, 1, 1, 0, 1, 1, 0, 0, 1, 0, 5.9850),
('gddalgsd', 1099, 0, 0, 1, 1, 0, 1, 1, 0, 0, 1, 0, 5.0000),
('winky', 553, 0, 1, 1, 1, 0, 1, 1, 0, 0, 1, 0, 5.9850),
('garima2707', 3991, 0, 0, 0, 1, 0, 0, 0, 0, 0, 0, 0, 1.0000),
('nkg_master9', 2754, 0, 0, 0, 1, 0, 0, 0, 0, 0, 1, 0, 2.0000),
('beethoven', 477, 0, 1, 1, 1, 0, 1, 1, 0, 0, 1, 0, 5.9850),
('robert825', 2941, 0, 0, 0, 1, 0, 0, 0, 0, 0, 1, 0, 2.0000),
('shaggy', 2828, 0, 0, 0, 1, 0, 0, 0, 0, 0, 1, 0, 2.0000),
('codopediac3', 1238, 0, 0, 1, 1, 0, 1, 1, 0, 0, 1, 0, 5.0000),
('gabber12', 1163, 0, 0, 1, 1, 0, 1, 1, 0, 0, 1, 0, 5.0000),
('aniketgoyal', 1570, 0, 0, 1, 1, 0, 1, 0, 0, 0, 1, 0, 4.0000),
('aawisong', 2, 1, 1, 1, 1, 1, 1, 1, 1, 1, 1, 0, 9.9997),
('rock_yogi', 1444, 0, 1, 1, 1, 0, 1, 0, 0, 0, 1, 0, 4.1714),
('tec', 950, 0, 1, 1, 1, 0, 1, 1, 0, 0, 1, 0, 5.3762),
('abbas', 119, 0, 1, 1, 1, 1, 1, 1, 0, 0, 1, 0, 6.9859),
('suyash666', 1470, 0, 0, 1, 1, 0, 1, 0, 0, 0, 1, 0, 4.0000),
('plcpunk', 163, 0, 1, 1, 1, 1, 1, 1, 0, 0, 1, 0, 6.9850),
('chetan_shukla', 1253, 0, 0, 1, 1, 0, 1, 1, 0, 0, 1, 0, 5.0000),
('neithan', 3355, 0, 0, 0, 1, 0, 0, 0, 0, 0, 1, 0, 2.0000),
('abbashareen29', 1543, 0, 0, 1, 1, 0, 1, 0, 0, 0, 1, 0, 4.0000),
('shivhack', 1521, 0, 0, 1, 1, 0, 1, 0, 0, 0, 1, 0, 4.0000),
('s_p_barik', 1246, 0, 0, 1, 1, 0, 1, 1, 0, 0, 1, 0, 5.0000),
('deepaank', 3438, 0, 0, 0, 1, 0, 0, 0, 0, 0, 1, 0, 2.0000),
('purvabaradia', 1436, 0, 1, 1, 1, 0, 0, 1, 0, 0, 1, 0, 4.1714),
('glas', 1201, 0, 0, 1, 1, 0, 1, 1, 0, 0, 1, 0, 5.0000),
('danstahr', 2741, 0, 0, 0, 1, 0, 0, 0, 0, 0, 1, 0, 2.0000),
('babaji95', 1948, 0, 1, 1, 0, 0, 1, 0, 0, 0, 1, 0, 3.3762),
('mahbubcseju', 1051, 0, 0, 1, 1, 0, 1, 1, 0, 0, 1, 0, 5.0000),
('sk_sk', 2852, 0, 0, 0, 1, 0, 0, 0, 0, 0, 1, 0, 2.0000),
('mohit.yup', 3994, 0, 0, 0, 1, 0, 0, 0, 0, 0, 0, 0, 1.0000),
('sierra101', 2166, 0, 0, 0, 1, 0, 1, 0, 0, 0, 1, 0, 3.0000),
('cs12b1007', 556, 0, 1, 1, 1, 0, 1, 1, 0, 0, 1, 0, 5.9850),
('yogi1469', 2345, 0, 0, 1, 1, 0, 0, 0, 0, 0, 1, 0, 3.0000),
('jawavibhu', 3191, 0, 0, 0, 1, 0, 0, 0, 0, 0, 1, 0, 2.0000),
('ayushreddevil9', 924, 0, 1, 1, 1, 0, 1, 1, 0, 0, 1, 0, 5.3762),
('weirdhackerzz', 3995, 0, 0, 0, 1, 0, 0, 0, 0, 0, 0, 0, 1.0000),
('rajeevs1992', 2248, 0, 0, 0, 1, 0, 1, 0, 0, 0, 1, 0, 3.0000),
('code_jack', 783, 0, 1, 1, 1, 0, 1, 1, 0, 0, 1, 0, 5.9850),
('damn_me', 901, 0, 1, 1, 1, 0, 1, 1, 0, 0, 1, 0, 5.3780),
('anshubhuwania', 1767, 0, 0, 0, 1, 0, 1, 1, 0, 0, 1, 0, 4.0000),
('pritamprakash', 413, 0, 1, 1, 1, 0, 1, 1, 0, 0, 1, 0, 5.9850),
('priyanshuid', 626, 0, 1, 1, 1, 0, 1, 1, 0, 0, 1, 0, 5.9850),
('rahul27458', 3996, 0, 0, 0, 1, 0, 0, 0, 0, 0, 0, 0, 1.0000),
('acmonster', 104, 0, 1, 1, 1, 1, 1, 1, 0, 0, 1, 0, 6.9865),
('krishnameena', 1957, 0, 1, 0, 1, 0, 1, 0, 0, 0, 1, 0, 3.1713),
('arun__s', 3437, 0, 0, 0, 1, 0, 0, 0, 0, 0, 1, 0, 2.0000),
('kaushik_iiitd', 722, 0, 1, 1, 1, 0, 1, 1, 0, 0, 1, 0, 5.9850),
('laxmanvemula', 1642, 0, 0, 1, 1, 0, 1, 0, 0, 0, 1, 0, 4.0000),
('heart_blue', 1466, 0, 0, 1, 1, 0, 1, 0, 0, 0, 1, 0, 4.0000),
('deepak_isd11', 2422, 0, 0, 0, 1, 0, 1, 0, 0, 0, 1, 0, 3.0000),
('bencambel21', 504, 0, 1, 1, 1, 0, 1, 1, 0, 0, 1, 0, 5.9850),
('vikrantgarg', 2763, 0, 0, 0, 1, 0, 0, 0, 0, 0, 1, 0, 2.0000),
('jyotesh', 167, 0, 1, 1, 1, 1, 1, 1, 0, 0, 1, 0, 6.9850),
('vity', 3001, 0, 0, 0, 1, 0, 0, 0, 0, 0, 1, 0, 2.0000),
('zzchencn', 885, 0, 1, 1, 1, 0, 1, 1, 0, 0, 1, 0, 5.3788),
('dynamic_coder', 587, 0, 1, 1, 1, 0, 1, 1, 0, 0, 1, 0, 5.9850),
('anujmanit', 630, 0, 1, 1, 1, 0, 1, 1, 0, 0, 1, 0, 5.9850),
('jhapra', 935, 0, 1, 1, 1, 0, 1, 1, 0, 0, 1, 0, 5.3762),
('alei', 278, 0, 0, 1, 1, 1, 1, 1, 0, 0, 1, 0, 6.0000),
('akhi543', 1620, 0, 0, 1, 1, 0, 1, 0, 0, 0, 1, 0, 4.0000),
('kjtguyf', 183, 0, 1, 1, 1, 1, 1, 1, 0, 0, 1, 0, 6.9850),
('mannyprogram', 1929, 0, 1, 0, 1, 0, 1, 0, 0, 0, 1, 0, 3.9850),
('niksdude777', 4001, 0, 0, 0, 1, 0, 0, 0, 0, 0, 0, 0, 1.0000),
('utk39', 2103, 0, 0, 0, 1, 0, 1, 0, 0, 0, 1, 0, 3.0000),
('tahmedge', 3997, 0, 0, 0, 1, 0, 0, 0, 0, 0, 0, 0, 1.0000),
('nitt006', 917, 0, 1, 1, 1, 0, 1, 1, 0, 0, 1, 0, 5.3778),
('sajo775', 919, 0, 1, 1, 1, 0, 1, 1, 0, 0, 1, 0, 5.3767),
('yuvisara', 3998, 0, 0, 0, 1, 0, 0, 0, 0, 0, 0, 0, 1.0000),
('epsilon_0', 280, 0, 0, 1, 1, 1, 1, 1, 0, 0, 1, 0, 6.0000),
('ankurmarshall', 447, 0, 1, 1, 1, 0, 1, 1, 0, 0, 1, 0, 5.9850),
('knb_dtu', 985, 0, 1, 1, 1, 0, 1, 1, 0, 0, 1, 0, 5.1714),
('incognito_103', 1624, 0, 0, 1, 1, 0, 1, 0, 0, 0, 1, 0, 4.0000),
('tuanbi97', 284, 0, 0, 1, 1, 1, 1, 1, 0, 0, 1, 0, 6.0000),
('aakash24', 2321, 0, 0, 0, 1, 0, 1, 0, 0, 0, 1, 0, 3.0000),
('meraj_hussain', 3493, 0, 0, 0, 1, 0, 0, 0, 0, 0, 1, 0, 2.0000),
('niquefa_diego', 273, 0, 0, 1, 1, 1, 1, 1, 0, 0, 1, 0, 6.0000),
('manasvini', 3999, 0, 0, 0, 1, 0, 0, 0, 0, 0, 0, 0, 1.0000),
('zhuhuangjian', 140, 0, 1, 1, 1, 1, 1, 1, 0, 0, 1, 0, 6.9850),
('mexmans', 49, 1, 0, 1, 1, 1, 1, 1, 0, 0, 1, 0, 7.0000),
('betlista', 906, 0, 1, 1, 1, 0, 1, 1, 0, 0, 1, 0, 5.3778),
('kungfupanda505', 2876, 0, 0, 0, 1, 0, 0, 0, 0, 0, 1, 0, 2.0000),
('nazmus_20000', 3596, 0, 0, 0, 1, 0, 1, 0, 0, 0, 0, 0, 2.0000),
('yourmama', 3020, 0, 0, 0, 0, 0, 1, 0, 0, 0, 1, 0, 2.0000),
('bansal0301', 1008, 0, 1, 1, 1, 0, 1, 1, 0, 0, 1, 0, 5.1714),
('worstbyte', 625, 0, 1, 1, 1, 0, 1, 1, 0, 0, 1, 0, 5.9850),
('adityax10', 733, 0, 1, 1, 1, 0, 1, 1, 0, 0, 1, 0, 5.9850),
('codex007', 638, 0, 1, 1, 1, 0, 1, 1, 0, 0, 1, 0, 5.9850),
('wrong_turn', 1996, 0, 0, 1, 1, 0, 0, 0, 0, 0, 1, 0, 3.0000),
('midhul', 944, 0, 1, 1, 1, 0, 1, 1, 0, 0, 1, 0, 5.3762),
('minato_namikaz', 1946, 0, 1, 1, 1, 0, 0, 0, 0, 0, 1, 0, 3.3762),
('tkm_programmer', 2065, 0, 0, 0, 1, 0, 1, 0, 0, 0, 1, 0, 3.0000),
('naveen757567', 4000, 0, 0, 0, 1, 0, 0, 0, 0, 0, 0, 0, 1.0000),
('mercural007', 3440, 0, 0, 0, 1, 0, 0, 0, 0, 0, 1, 0, 2.0000),
('ahsankamal', 1000, 0, 1, 1, 1, 0, 1, 1, 0, 0, 1, 0, 5.1714),
('prongs7', 2758, 0, 0, 0, 1, 0, 0, 0, 0, 0, 1, 0, 2.0000),
('green_noogle', 1406, 0, 1, 1, 1, 0, 1, 0, 0, 0, 1, 0, 4.3762),
('iambatman1234', 2750, 0, 0, 0, 1, 0, 0, 0, 0, 0, 1, 0, 2.0000),
('iampkhan', 713, 0, 1, 1, 1, 0, 1, 1, 0, 0, 1, 0, 5.9850),
('tasleem93', 3017, 0, 0, 0, 1, 0, 0, 0, 0, 0, 1, 0, 2.0000),
('pratiksaha', 1631, 0, 0, 0, 1, 0, 1, 1, 0, 0, 1, 0, 4.0000),
('ravibansal', 2039, 0, 0, 0, 1, 0, 1, 0, 0, 0, 1, 0, 3.0000),
('ankush92', 1147, 0, 0, 1, 1, 0, 1, 1, 0, 0, 1, 0, 5.0000),
('mayank41', 641, 0, 1, 1, 1, 0, 1, 1, 0, 0, 1, 0, 5.9850),
('shashu95', 2987, 0, 0, 0, 1, 0, 0, 0, 0, 0, 1, 0, 2.0000),
('robinthecoder', 173, 0, 1, 1, 1, 1, 1, 1, 0, 0, 1, 0, 6.9850),
('pkay', 1997, 0, 0, 0, 1, 0, 1, 0, 0, 0, 1, 0, 3.0000),
('branimir', 267, 0, 0, 1, 1, 1, 1, 1, 0, 0, 1, 0, 6.0000),
('gargumesh', 2889, 0, 0, 0, 1, 0, 1, 0, 0, 0, 0, 0, 2.0000),
('scep2', 958, 0, 1, 1, 1, 0, 1, 1, 0, 0, 1, 0, 5.3437),
('shadow07', 2530, 0, 0, 0, 1, 0, 0, 1, 0, 0, 1, 0, 3.0000),
('vibhav_', 2093, 0, 0, 0, 1, 0, 1, 0, 0, 0, 1, 0, 3.0000),
('falku', 2195, 0, 0, 0, 1, 0, 1, 0, 0, 0, 1, 0, 3.0000),
('vavio', 4025, 0, 0, 0, 1, 0, 0, 0, 0, 0, 0, 0, 1.0000),
('abhishek9219', 772, 0, 1, 1, 1, 0, 1, 1, 0, 0, 1, 0, 5.9850),
('qwaker00', 215, 0, 1, 1, 1, 1, 1, 1, 0, 0, 1, 0, 6.3785),
('skc24', 2027, 0, 0, 0, 1, 0, 1, 0, 0, 0, 1, 0, 3.0000),
('uchiha_sasuke', 1203, 0, 0, 1, 1, 0, 1, 1, 0, 0, 1, 0, 5.0000),
('kmampent', 1505, 0, 0, 1, 1, 0, 1, 0, 0, 0, 1, 0, 4.0000),
('shai', 2069, 0, 0, 0, 1, 0, 1, 0, 0, 0, 1, 0, 3.0000),
('s1b7312', 2759, 0, 0, 0, 1, 0, 0, 0, 0, 0, 1, 0, 2.0000),
('bipin2', 1393, 0, 1, 1, 1, 0, 1, 0, 0, 0, 1, 0, 4.3778),
('newbie_knp', 1574, 0, 0, 1, 1, 0, 1, 0, 0, 0, 1, 0, 4.0000),
('abmeena1994', 356, 0, 1, 1, 1, 0, 1, 1, 0, 0, 1, 0, 5.9856),
('Prsn', 544, 0, 1, 1, 1, 0, 1, 1, 0, 0, 1, 0, 5.9850),
('onix', 522, 0, 1, 1, 1, 0, 1, 1, 0, 0, 1, 0, 5.9850),
('qzthrone', 1501, 0, 0, 1, 1, 0, 0, 1, 0, 0, 1, 0, 4.0000),
('war_bull', 3633, 0, 0, 0, 1, 0, 0, 0, 0, 0, 1, 0, 2.0000),
('vvneagleone', 657, 0, 1, 1, 1, 0, 1, 1, 0, 0, 1, 0, 5.9850),
('mufzil', 3570, 0, 0, 0, 1, 0, 1, 0, 0, 0, 0, 0, 2.0000),
('panda_power', 2755, 0, 0, 0, 1, 0, 0, 0, 0, 0, 1, 0, 2.0000),
('samridhi', 1999, 0, 0, 0, 1, 0, 1, 0, 0, 0, 1, 0, 3.0000),
('ifti_khar', 4003, 0, 0, 0, 1, 0, 0, 0, 0, 0, 0, 0, 1.0000),
('lutyj', 1030, 0, 0, 1, 1, 1, 1, 0, 0, 0, 1, 0, 5.0000),
('swiergu', 41, 1, 1, 1, 1, 1, 1, 1, 0, 0, 1, 0, 7.4789),
('darksk4', 2199, 0, 0, 0, 1, 0, 1, 0, 0, 0, 1, 0, 3.0000),
('saurav09', 3079, 0, 0, 0, 1, 0, 0, 0, 0, 0, 1, 0, 2.0000),
('cooolshekhar', 1711, 0, 0, 1, 1, 0, 1, 0, 0, 0, 1, 0, 4.0000),
('auto_01', 4004, 0, 0, 0, 1, 0, 0, 0, 0, 0, 0, 0, 1.0000),
('satwantrana', 270, 0, 0, 1, 1, 1, 1, 1, 0, 0, 1, 0, 6.0000),
('johri21', 702, 0, 1, 1, 1, 0, 1, 1, 0, 0, 1, 0, 5.9850),
('thezodiac1994', 376, 0, 1, 1, 1, 0, 1, 1, 0, 0, 1, 0, 5.9850),
('dineshmeena', 3022, 0, 0, 0, 1, 0, 0, 0, 0, 0, 1, 0, 2.0000),
('saurabh1231005', 4005, 0, 0, 0, 1, 0, 0, 0, 0, 0, 0, 0, 1.0000),
('nik_storm_2010', 142, 0, 1, 1, 1, 1, 1, 1, 0, 0, 1, 0, 6.9850),
('saichandu6', 2197, 0, 0, 0, 1, 0, 1, 0, 0, 0, 1, 0, 3.0000),
('inderjeet', 644, 0, 1, 1, 1, 0, 1, 1, 0, 0, 1, 0, 5.9850),
('jhtan', 1159, 0, 0, 1, 1, 0, 1, 1, 0, 0, 1, 0, 5.0000),
('souradeepray', 4006, 0, 0, 0, 1, 0, 0, 0, 0, 0, 0, 0, 1.0000),
('shailendra0792', 503, 0, 1, 1, 1, 0, 1, 1, 0, 0, 1, 0, 5.9850),
('ckd0007', 1339, 0, 1, 0, 1, 0, 1, 1, 0, 0, 1, 0, 4.9850),
('liyizhen', 120, 0, 1, 1, 1, 1, 1, 1, 0, 0, 1, 0, 6.9857),
('sandipan1993', 1442, 0, 1, 1, 1, 0, 1, 0, 0, 0, 1, 0, 4.1714),
('volition', 2832, 0, 0, 0, 1, 0, 0, 0, 0, 0, 1, 0, 2.0000),
('vigneshng', 3072, 0, 0, 0, 1, 0, 0, 0, 0, 0, 1, 0, 2.0000),
('qualitystuff', 4007, 0, 0, 0, 1, 0, 0, 0, 0, 0, 0, 0, 1.0000),
('mkrjn99', 1520, 0, 0, 1, 1, 0, 1, 0, 0, 0, 1, 0, 4.0000),
('u_seem_surprsd', 466, 0, 1, 1, 1, 0, 1, 1, 0, 0, 1, 0, 5.9850),
('rkrocks', 1689, 0, 0, 1, 1, 0, 1, 0, 0, 0, 1, 0, 4.0000),
('niloy1993', 2010, 0, 0, 0, 1, 0, 1, 0, 0, 0, 1, 0, 3.0000),
('pramods', 3328, 0, 0, 0, 1, 0, 0, 0, 0, 0, 1, 0, 2.0000),
('akhiluanandh', 1990, 0, 0, 0, 1, 0, 1, 0, 0, 0, 1, 0, 3.0000),
('jee1mr', 3179, 0, 0, 0, 1, 0, 0, 0, 0, 0, 1, 0, 2.0000),
('wjfwzzc', 288, 0, 0, 1, 1, 1, 1, 1, 0, 0, 1, 0, 6.0000),
('prab_74', 2184, 0, 0, 0, 1, 0, 1, 0, 0, 0, 1, 0, 3.0000),
('rc0_', 2843, 0, 0, 0, 1, 0, 0, 0, 0, 0, 1, 0, 2.0000),
('shivam95', 4023, 0, 0, 0, 1, 0, 0, 0, 0, 0, 0, 0, 1.0000),
('monisjaved', 2875, 0, 0, 0, 1, 0, 0, 0, 0, 0, 1, 0, 2.0000),
('javac_amit', 1517, 0, 0, 1, 1, 0, 1, 0, 0, 0, 1, 0, 4.0000),
('dutta42120201', 1133, 0, 0, 1, 1, 0, 1, 1, 0, 0, 1, 0, 5.0000),
('karan_saxena', 1828, 0, 0, 1, 1, 0, 1, 0, 0, 0, 1, 0, 4.0000),
('gaurav94116755', 1362, 0, 1, 1, 1, 0, 1, 0, 0, 0, 1, 0, 4.9850),
('kush_kumar', 4008, 0, 0, 0, 1, 0, 0, 0, 0, 0, 0, 0, 1.0000),
('robots', 959, 0, 1, 1, 1, 0, 1, 1, 0, 0, 1, 0, 5.3412),
('manoharmmbs', 3597, 0, 0, 0, 1, 0, 0, 0, 0, 0, 1, 0, 2.0000),
('hemraj', 1336, 0, 1, 1, 1, 0, 1, 0, 0, 0, 1, 0, 4.9850),
('hnustlizhichao', 1037, 0, 0, 1, 1, 0, 1, 1, 0, 0, 1, 0, 5.0000),
('anuvab1911', 2140, 0, 0, 0, 1, 0, 1, 0, 0, 0, 1, 0, 3.0000),
('ztxz16', 250, 0, 0, 1, 1, 1, 1, 1, 0, 0, 1, 0, 6.0000),
('ak_24', 1648, 0, 0, 1, 1, 0, 1, 0, 0, 0, 1, 0, 4.0000),
('kunaaljain', 1427, 0, 1, 0, 1, 0, 1, 1, 0, 0, 1, 0, 4.2012),
('exon', 2756, 0, 0, 0, 1, 0, 0, 0, 0, 0, 1, 0, 2.0000),
('stolis', 113, 0, 1, 1, 1, 1, 1, 1, 0, 0, 1, 0, 6.9861),
('viz', 153, 0, 1, 1, 1, 1, 1, 1, 0, 0, 1, 0, 6.9850),
('prsd_s', 2062, 0, 0, 0, 1, 0, 1, 0, 0, 0, 1, 0, 3.0000),
('vivalgo', 1067, 0, 0, 1, 1, 0, 1, 1, 0, 0, 1, 0, 5.0000),
('soulmate', 1628, 0, 0, 1, 1, 0, 0, 1, 0, 0, 1, 0, 4.0000),
('callam2pm', 525, 0, 1, 1, 1, 0, 1, 1, 0, 0, 1, 0, 5.9850),
('vinay2294', 1058, 0, 0, 1, 1, 0, 1, 1, 0, 0, 1, 0, 5.0000),
('anirudhbhutani', 2760, 0, 0, 0, 1, 0, 0, 0, 0, 0, 1, 0, 2.0000),
('istream', 2762, 0, 0, 0, 1, 0, 0, 0, 0, 0, 1, 0, 2.0000),
('stipan93', 4009, 0, 0, 0, 1, 0, 0, 0, 0, 0, 0, 0, 1.0000),
('shweta_19', 1506, 0, 0, 0, 1, 0, 1, 1, 0, 0, 1, 0, 4.0000),
('delta2013', 3569, 0, 0, 0, 1, 0, 0, 0, 0, 0, 1, 0, 2.0000),
('jayeshsolanki', 2855, 0, 0, 0, 1, 0, 0, 0, 0, 0, 1, 0, 2.0000),
('pikaynu', 471, 0, 1, 1, 1, 0, 1, 1, 0, 0, 1, 0, 5.9850),
('akali', 1995, 0, 0, 0, 1, 0, 1, 0, 0, 0, 1, 0, 3.0000),
('notimesea', 10, 1, 1, 1, 1, 1, 1, 1, 0, 1, 1, 0, 8.9883),
('wastrel', 444, 0, 1, 1, 1, 0, 1, 1, 0, 0, 1, 0, 5.9850),
('adityatj', 4010, 0, 0, 0, 1, 0, 0, 0, 0, 0, 0, 0, 1.0000),
('mancoolgunda', 2764, 0, 0, 0, 1, 0, 0, 0, 0, 0, 1, 0, 2.0000),
('blemp', 1137, 0, 0, 1, 1, 0, 1, 1, 0, 0, 1, 0, 5.0000),
('raunakrocks', 174, 0, 1, 1, 1, 1, 1, 1, 0, 0, 1, 0, 6.9850),
('madara', 2172, 0, 0, 0, 1, 0, 1, 0, 0, 0, 1, 0, 3.0000),
('nicks_95', 1047, 0, 0, 1, 1, 0, 1, 1, 0, 0, 1, 0, 5.0000),
('ktitan', 3370, 0, 0, 0, 1, 0, 0, 0, 0, 0, 1, 0, 2.0000),
('suvo63', 3184, 0, 0, 0, 1, 0, 0, 0, 0, 0, 1, 0, 2.0000),
('tech_boy', 2831, 0, 0, 0, 1, 0, 0, 0, 0, 0, 1, 0, 2.0000),
('harhro94', 48, 1, 1, 1, 1, 1, 1, 1, 0, 0, 1, 0, 7.1714),
('kapil_iitbhu', 2783, 0, 0, 0, 1, 0, 0, 0, 0, 0, 1, 0, 2.0000),
('rares_codechef', 4011, 0, 0, 0, 1, 0, 0, 0, 0, 0, 0, 0, 1.0000),
('mithamohd', 4012, 0, 0, 0, 1, 0, 0, 0, 0, 0, 0, 0, 1.0000),
('meirambek', 205, 0, 1, 1, 1, 1, 1, 1, 0, 0, 1, 0, 6.4151),
('chainsaw0701', 2143, 0, 0, 0, 1, 0, 1, 0, 0, 0, 1, 0, 3.0000),
('praveen0894', 637, 0, 1, 1, 1, 0, 1, 1, 0, 0, 1, 0, 5.9850),
('gnsp', 4013, 0, 0, 0, 1, 0, 0, 0, 0, 0, 0, 0, 1.0000),
('vinay_pawar', 2447, 0, 0, 0, 1, 0, 1, 0, 0, 0, 1, 0, 3.0000),
('nam1s03', 2305, 0, 0, 0, 1, 0, 1, 0, 0, 0, 1, 0, 3.0000),
('am_1995', 3070, 0, 0, 0, 1, 0, 0, 0, 0, 0, 1, 0, 2.0000),
('rishimukherjee', 2020, 0, 0, 0, 1, 0, 1, 0, 0, 0, 1, 0, 3.0000),
('apurwa', 3181, 0, 0, 0, 1, 0, 0, 0, 0, 0, 1, 0, 2.0000),
('suhana', 4027, 0, 0, 0, 1, 0, 0, 0, 0, 0, 0, 0, 1.0000),
('oalpgm', 2031, 0, 0, 0, 1, 0, 1, 0, 0, 0, 1, 0, 3.0000),
('vikas8530', 2761, 0, 0, 0, 1, 0, 0, 0, 0, 0, 1, 0, 2.0000),
('manvinder', 1586, 0, 0, 1, 1, 0, 1, 0, 0, 0, 1, 0, 4.0000),
('eljdmax', 1966, 0, 1, 0, 1, 0, 1, 0, 0, 0, 1, 0, 3.1713),
('siddv29', 3364, 0, 0, 0, 1, 0, 0, 0, 0, 0, 1, 0, 2.0000),
('jt_26', 551, 0, 1, 1, 1, 0, 1, 1, 0, 0, 1, 0, 5.9850),
('neil_sen1994', 966, 0, 1, 1, 1, 0, 1, 1, 0, 0, 1, 0, 5.2009),
('goyalakshat14', 4024, 0, 0, 0, 1, 0, 0, 0, 0, 0, 0, 0, 1.0000),
('tarun018', 489, 0, 1, 1, 1, 0, 1, 1, 0, 0, 1, 0, 5.9850),
('dkp2706', 1617, 0, 0, 1, 1, 0, 1, 0, 0, 0, 1, 0, 4.0000),
('yshthdn', 2394, 0, 0, 0, 1, 0, 1, 0, 0, 0, 1, 0, 3.0000),
('kakarotsen', 4014, 0, 0, 0, 1, 0, 0, 0, 0, 0, 0, 0, 1.0000),
('codejack', 2883, 0, 0, 0, 1, 0, 0, 0, 0, 0, 1, 0, 2.0000),
('heroapoorva', 4015, 0, 0, 0, 1, 0, 0, 0, 0, 0, 0, 0, 1.0000),
('darkpanther', 675, 0, 1, 1, 1, 0, 1, 1, 0, 0, 1, 0, 5.9850),
('dakka', 1545, 0, 0, 0, 1, 0, 1, 1, 0, 0, 1, 0, 4.0000),
('thespacedude', 2175, 0, 0, 0, 1, 0, 1, 0, 0, 0, 1, 0, 3.0000),
('emotionless', 1041, 0, 0, 1, 1, 0, 1, 1, 0, 0, 1, 0, 5.0000),
('sp1rs', 601, 0, 1, 1, 1, 0, 1, 1, 0, 0, 1, 0, 5.9850),
('ayushsingh9293', 3149, 0, 0, 0, 1, 0, 0, 0, 0, 0, 1, 0, 2.0000),
('irshsay321', 358, 0, 1, 1, 1, 0, 1, 1, 0, 0, 1, 0, 5.9855),
('coder18694', 1326, 0, 1, 1, 1, 0, 1, 0, 0, 0, 1, 0, 4.9850),
('vik251091', 2034, 0, 0, 0, 1, 0, 1, 0, 0, 0, 1, 0, 3.0000),
('yashbir', 2439, 0, 0, 0, 1, 0, 1, 0, 0, 0, 1, 0, 3.0000),
('rdmighty', 2773, 0, 0, 0, 1, 0, 0, 0, 0, 0, 1, 0, 2.0000),
('akshaynathr', 4016, 0, 0, 0, 1, 0, 0, 0, 0, 0, 0, 0, 1.0000),
('kvnt1102', 2306, 0, 0, 0, 1, 0, 0, 1, 0, 0, 1, 0, 3.0000),
('ambika93', 2782, 0, 0, 0, 1, 0, 0, 0, 0, 0, 1, 0, 2.0000),
('svineet', 3368, 0, 0, 0, 1, 0, 0, 0, 0, 0, 1, 0, 2.0000),
('vermashubhang', 1093, 0, 0, 1, 1, 0, 1, 1, 0, 0, 1, 0, 5.0000),
('goku321', 4017, 0, 0, 0, 1, 0, 0, 0, 0, 0, 0, 0, 1.0000),
('kraken134', 4018, 0, 0, 0, 1, 0, 0, 0, 0, 0, 0, 0, 1.0000),
('grv95', 2043, 0, 0, 0, 1, 0, 1, 0, 0, 0, 1, 0, 3.0000),
('ronak21691', 4019, 0, 0, 0, 1, 0, 0, 0, 0, 0, 0, 0, 1.0000),
('shrobon', 3194, 0, 0, 0, 1, 0, 0, 0, 0, 0, 1, 0, 2.0000),
('nishu93', 2198, 0, 0, 0, 1, 0, 1, 0, 0, 0, 1, 0, 3.0000),
('hephaestus', 4020, 0, 0, 0, 1, 0, 0, 0, 0, 0, 0, 0, 1.0000),
('Ric4', 2468, 0, 0, 0, 1, 0, 1, 0, 0, 0, 1, 0, 3.0000),
('Manoharprabhu', 4021, 0, 0, 0, 1, 0, 0, 0, 0, 0, 0, 0, 1.0000),
('himanshukkr05', 509, 0, 1, 1, 1, 0, 1, 1, 0, 0, 1, 0, 5.9850),
('akhil_kumar', 1926, 0, 1, 0, 1, 0, 1, 0, 0, 0, 1, 0, 3.9850),
('jaspal1329', 4022, 0, 0, 0, 1, 0, 0, 0, 0, 0, 0, 0, 1.0000),
('prashant_93_y', 1356, 0, 1, 0, 1, 0, 1, 1, 0, 0, 1, 0, 4.9850),
('tmiiitd', 1561, 0, 0, 0, 1, 0, 1, 1, 0, 0, 1, 0, 4.0000),
('satyam94_', 624, 0, 1, 1, 1, 0, 1, 1, 0, 0, 1, 0, 5.9850),
('farr3l', 2131, 0, 0, 0, 1, 0, 1, 0, 0, 0, 1, 0, 3.0000),
('gautamgoyal123', 1592, 0, 0, 1, 1, 0, 1, 0, 0, 0, 1, 0, 4.0000),
('siddhanjay', 1259, 0, 0, 1, 1, 0, 1, 1, 0, 0, 1, 0, 5.0000),
('nayanb', 521, 0, 1, 1, 1, 0, 1, 1, 0, 0, 1, 0, 5.9850),
('na1taneja2821', 559, 0, 1, 1, 1, 0, 1, 1, 0, 0, 1, 0, 5.9850),
('a2nraider92', 2026, 0, 0, 0, 1, 0, 1, 0, 0, 0, 1, 0, 3.0000),
('shriramrseee', 2890, 0, 0, 0, 1, 0, 0, 0, 0, 0, 1, 0, 2.0000),
('ubuntu', 4026, 0, 0, 0, 1, 0, 0, 0, 0, 0, 0, 0, 1.0000),
('harshsri', 357, 0, 1, 1, 1, 0, 1, 1, 0, 0, 1, 0, 5.9855),
('dark_coder1122', 2668, 0, 1, 0, 0, 0, 1, 0, 0, 0, 1, 0, 2.9867),
('diegox', 2417, 0, 0, 0, 1, 0, 1, 0, 0, 0, 1, 0, 3.0000),
('amanmj', 1197, 0, 0, 1, 1, 0, 1, 1, 0, 0, 1, 0, 5.0000),
('bi229', 652, 0, 1, 1, 1, 0, 1, 1, 0, 0, 1, 0, 5.9850),
('warlock_ankur', 756, 0, 1, 1, 1, 0, 1, 1, 0, 0, 1, 0, 5.9850),
('div249', 3241, 0, 0, 0, 1, 0, 0, 0, 0, 0, 1, 0, 2.0000),
('abhijeeet', 4049, 0, 0, 0, 1, 0, 0, 0, 0, 0, 0, 0, 1.0000),
('rohit2codechef', 1429, 0, 1, 1, 1, 0, 1, 0, 0, 0, 1, 0, 4.1714),
('sjpalladium85', 3627, 0, 0, 0, 1, 0, 1, 0, 0, 0, 0, 0, 2.0000),
('omelyanenko', 1115, 0, 0, 1, 1, 0, 1, 1, 0, 0, 1, 0, 5.0000),
('manish93kumar', 3450, 0, 0, 0, 1, 0, 1, 0, 0, 0, 0, 0, 2.0000),
('anan109432', 1075, 0, 0, 1, 1, 0, 1, 1, 0, 0, 1, 0, 5.0000),
('aman123chhabra', 2228, 0, 0, 0, 1, 0, 1, 0, 0, 0, 1, 0, 3.0000),
('foodie', 2797, 0, 0, 0, 1, 0, 0, 0, 0, 0, 1, 0, 2.0000),
('ghaieth', 2767, 0, 0, 0, 1, 0, 0, 0, 0, 0, 1, 0, 2.0000),
('sid3695', 1606, 0, 0, 1, 1, 0, 1, 0, 0, 0, 1, 0, 4.0000),
('anish7766', 2322, 0, 0, 0, 1, 0, 1, 0, 0, 0, 1, 0, 3.0000),
('ankurjn42', 2167, 0, 0, 0, 1, 0, 1, 0, 0, 0, 1, 0, 3.0000),
('caustiQue', 1471, 0, 0, 1, 1, 0, 1, 0, 0, 0, 1, 0, 4.0000),
('shubhangipri', 3202, 0, 0, 0, 1, 0, 0, 0, 0, 0, 1, 0, 2.0000),
('spiderweb', 4040, 0, 0, 0, 1, 0, 0, 0, 0, 0, 0, 0, 1.0000),
('potxolo74', 588, 0, 1, 1, 1, 0, 1, 1, 0, 0, 1, 0, 5.9850),
('sdryapko1', 1504, 0, 0, 1, 1, 0, 1, 0, 0, 0, 1, 0, 4.0000),
('mayank_kumar28', 139, 0, 1, 1, 1, 1, 1, 1, 0, 0, 1, 0, 6.9850),
('surbhi_kabra04', 1351, 0, 1, 1, 1, 0, 1, 0, 0, 0, 1, 0, 4.9850),
('aditya9219', 2347, 0, 0, 0, 1, 0, 1, 0, 0, 0, 1, 0, 3.0000),
('nit10bhasin', 2136, 0, 0, 0, 1, 0, 1, 0, 0, 0, 1, 0, 3.0000),
('kr14', 4028, 0, 0, 0, 1, 0, 0, 0, 0, 0, 0, 0, 1.0000),
('sushrut', 405, 0, 1, 1, 1, 0, 1, 1, 0, 0, 1, 0, 5.9850),
('Gaurav Rai', 390, 0, 1, 1, 1, 0, 1, 1, 0, 0, 1, 0, 5.9850),
('codoer', 1205, 0, 0, 1, 1, 0, 1, 1, 0, 0, 1, 0, 5.0000),
('nishantrpai', 2839, 0, 0, 0, 1, 0, 0, 0, 0, 0, 1, 0, 2.0000),
('kid_de', 932, 0, 1, 1, 1, 0, 1, 1, 0, 0, 1, 0, 5.3762),
('tanmaydatta', 422, 0, 1, 1, 1, 0, 1, 1, 0, 0, 1, 0, 5.9850),
('temirulan', 986, 0, 1, 1, 1, 0, 1, 1, 0, 0, 1, 0, 5.1714),
('nurbas96', 1096, 0, 0, 1, 1, 0, 1, 1, 0, 0, 1, 0, 5.0000),
('mubashir2712', 2206, 0, 0, 0, 1, 0, 1, 0, 0, 0, 1, 0, 3.0000),
('waseem15', 2081, 0, 0, 0, 1, 0, 1, 0, 0, 0, 1, 0, 3.0000),
('serena9080', 2897, 0, 0, 0, 1, 0, 0, 0, 0, 0, 1, 0, 2.0000),
('ganeshgaj95', 4044, 0, 0, 0, 1, 0, 0, 0, 0, 0, 0, 0, 1.0000),
('anilbhatb', 2770, 0, 0, 0, 1, 0, 0, 0, 0, 0, 1, 0, 2.0000),
('neer1993', 2885, 0, 0, 0, 1, 0, 0, 0, 0, 0, 1, 0, 2.0000),
('peteykun', 2768, 0, 0, 0, 1, 0, 0, 0, 0, 0, 1, 0, 2.0000),
('achalarya25', 3093, 0, 0, 0, 1, 0, 0, 0, 0, 0, 1, 0, 2.0000),
('sbmc7', 938, 0, 1, 1, 1, 0, 1, 1, 0, 0, 1, 0, 5.3762),
('dgvmsingh', 4029, 0, 0, 0, 1, 0, 0, 0, 0, 0, 0, 0, 1.0000),
('fabre', 2419, 0, 0, 0, 1, 0, 1, 0, 0, 0, 1, 0, 3.0000),
('vkranjanvk', 2824, 0, 0, 0, 1, 0, 0, 0, 0, 0, 1, 0, 2.0000),
('a7akshay', 2785, 0, 0, 0, 1, 0, 0, 0, 0, 0, 1, 0, 2.0000),
('u1z9_3', 4030, 0, 0, 0, 1, 0, 0, 0, 0, 0, 0, 0, 1.0000),
('vs13', 609, 0, 1, 1, 1, 0, 1, 1, 0, 0, 1, 0, 5.9850),
('tithonus', 4031, 0, 0, 0, 1, 0, 0, 0, 0, 0, 0, 0, 1.0000),
('shreyans264', 1164, 0, 0, 1, 1, 0, 1, 1, 0, 0, 1, 0, 5.0000),
('bhajun', 1486, 0, 0, 1, 1, 0, 1, 0, 0, 0, 1, 0, 4.0000),
('sam17121991', 603, 0, 1, 1, 1, 0, 1, 1, 0, 0, 1, 0, 5.9850),
('sbib', 4032, 0, 0, 0, 1, 0, 0, 0, 0, 0, 0, 0, 1.0000),
('rishiz', 1415, 0, 1, 0, 1, 0, 1, 1, 0, 0, 1, 0, 4.3762),
('lyonrobert', 2319, 0, 0, 0, 1, 0, 1, 0, 0, 0, 1, 0, 3.0000),
('dpdrmj', 2399, 0, 0, 0, 1, 0, 1, 0, 0, 0, 1, 0, 3.0000),
('naman12345', 2771, 0, 0, 0, 1, 0, 0, 0, 0, 0, 1, 0, 2.0000),
('rock__y', 524, 0, 1, 1, 1, 0, 1, 1, 0, 0, 1, 0, 5.9850),
('invest123', 2991, 0, 0, 0, 1, 0, 0, 0, 0, 0, 1, 0, 2.0000),
('deadly_coder', 2602, 0, 0, 0, 1, 0, 1, 0, 0, 0, 1, 0, 3.0000),
('arnavmaiti', 4033, 0, 0, 0, 1, 0, 0, 0, 0, 0, 0, 0, 1.0000),
('nikhil2216', 2029, 0, 0, 0, 1, 0, 1, 0, 0, 0, 1, 0, 3.0000),
('svishal', 4034, 0, 0, 0, 1, 0, 0, 0, 0, 0, 0, 0, 1.0000),
('yacoder', 514, 0, 1, 1, 1, 0, 1, 1, 0, 0, 1, 0, 5.9850),
('tanayjha', 4035, 0, 0, 0, 1, 0, 0, 0, 0, 0, 0, 0, 1.0000),
('jervis', 2068, 0, 0, 0, 1, 0, 1, 0, 0, 0, 1, 0, 3.0000),
('priyank_karia', 1581, 0, 0, 1, 1, 0, 1, 0, 0, 0, 1, 0, 4.0000),
('jaythegenius', 847, 0, 1, 1, 1, 0, 1, 1, 0, 0, 1, 0, 5.9804),
('vikaschauhan', 2778, 0, 0, 0, 1, 0, 0, 0, 0, 0, 1, 0, 2.0000),
('qu4s4r', 4036, 0, 0, 0, 1, 0, 0, 0, 0, 0, 0, 0, 1.0000),
('arunsinghk', 1538, 0, 0, 1, 1, 0, 1, 0, 0, 0, 1, 0, 4.0000),
('anuj996', 2780, 0, 0, 0, 1, 0, 0, 0, 0, 0, 1, 0, 2.0000),
('shlk21', 1335, 0, 1, 1, 1, 0, 1, 0, 0, 0, 1, 0, 4.9850),
('saurabh_259', 687, 0, 1, 1, 1, 0, 1, 1, 0, 0, 1, 0, 5.9850),
('cazador', 2775, 0, 0, 0, 1, 0, 0, 0, 0, 0, 1, 0, 2.0000),
('diwakar4', 3562, 0, 0, 0, 1, 0, 0, 0, 0, 0, 1, 0, 2.0000),
('jainpuneet6994', 797, 0, 1, 1, 1, 0, 1, 1, 0, 0, 1, 0, 5.9850),
('knauls93', 2313, 0, 0, 0, 1, 0, 0, 1, 0, 0, 1, 0, 3.0000),
('akshayjnambiar', 798, 0, 1, 1, 1, 0, 1, 1, 0, 0, 1, 0, 5.9850),
('kamalbansal', 2869, 0, 0, 0, 1, 0, 0, 0, 0, 0, 1, 0, 2.0000),
('think2', 4037, 0, 0, 0, 1, 0, 0, 0, 0, 0, 0, 0, 1.0000),
('mukul1410', 3258, 0, 0, 0, 1, 0, 0, 0, 0, 0, 1, 0, 2.0000),
('hacktest4', 2291, 0, 0, 1, 1, 0, 0, 0, 0, 0, 1, 0, 3.0000),
('sandeep1994', 2788, 0, 0, 0, 1, 0, 0, 0, 0, 0, 1, 0, 2.0000),
('tyagi_42011', 619, 0, 1, 1, 1, 0, 1, 1, 0, 0, 1, 0, 5.9850),
('mrolympia', 350, 0, 1, 1, 1, 0, 1, 1, 0, 0, 1, 0, 5.9859),
('jaiveer786', 1053, 0, 0, 1, 1, 0, 1, 1, 0, 0, 1, 0, 5.0000),
('unique_sgr', 507, 0, 1, 1, 1, 0, 1, 1, 0, 0, 1, 0, 5.9850),
('utsav.jain', 1430, 0, 1, 1, 1, 0, 1, 0, 0, 0, 1, 0, 4.1714),
('mayank2k11', 1443, 0, 1, 1, 1, 0, 1, 0, 0, 0, 1, 0, 4.1714),
('mgch', 30, 1, 1, 1, 1, 1, 1, 1, 0, 0, 1, 0, 7.9850),
('akki2200', 2263, 0, 0, 0, 1, 0, 1, 0, 0, 0, 1, 0, 3.0000),
('murkho', 4042, 0, 0, 0, 1, 0, 0, 0, 0, 0, 0, 0, 1.0000),
('amit5148', 905, 0, 1, 1, 1, 0, 1, 1, 0, 0, 1, 0, 5.3778),
('manas1_', 579, 0, 1, 1, 1, 0, 1, 1, 0, 0, 1, 0, 5.9850),
('akash_goel23', 1960, 0, 1, 0, 1, 0, 1, 0, 0, 0, 1, 0, 3.1713),
('coder1111', 2784, 0, 0, 0, 1, 0, 0, 0, 0, 0, 1, 0, 2.0000),
('franky', 516, 0, 1, 1, 1, 0, 1, 1, 0, 0, 1, 0, 5.9850),
('jayesh_pd', 1329, 0, 1, 1, 1, 0, 1, 0, 0, 0, 1, 0, 4.9850),
('narsariamanu', 2774, 0, 0, 0, 1, 0, 0, 0, 0, 0, 1, 0, 2.0000),
('dheerajgoud728', 1496, 0, 0, 1, 1, 0, 1, 0, 0, 0, 1, 0, 4.0000),
('shubhamagarwal', 1242, 0, 0, 1, 1, 0, 1, 1, 0, 0, 1, 0, 5.0000),
('raviojha2105', 295, 0, 0, 1, 1, 1, 1, 1, 0, 0, 1, 0, 6.0000),
('andersoncss', 1667, 0, 0, 1, 1, 0, 1, 0, 0, 0, 1, 0, 4.0000),
('adarshb', 2845, 0, 0, 0, 1, 0, 0, 0, 0, 0, 1, 0, 2.0000),
('elkasimi2007', 2776, 0, 0, 0, 1, 0, 0, 0, 0, 0, 1, 0, 2.0000),
('tivrag123', 2393, 0, 0, 0, 1, 0, 1, 0, 0, 0, 1, 0, 3.0000),
('saurabhsuniljai', 1379, 0, 0, 0, 1, 0, 0, 0, 0, 0, 0, 0, 1.0000),
('sergio10barca', 96, 0, 1, 1, 1, 1, 1, 1, 0, 0, 1, 0, 6.9872),
('ak792', 2857, 0, 0, 0, 1, 0, 0, 0, 0, 0, 1, 0, 2.0000),
('compilertej', 4038, 0, 0, 0, 1, 0, 0, 0, 0, 0, 0, 0, 1.0000),
('mudit0201', 543, 0, 1, 1, 1, 0, 1, 1, 0, 0, 1, 0, 5.9850),
('tyagiprince', 870, 0, 1, 1, 1, 0, 1, 1, 0, 0, 1, 0, 5.3813),
('k1san08_45', 934, 0, 1, 1, 1, 0, 1, 1, 0, 0, 1, 0, 5.3762),
('gagan1992', 353, 0, 1, 1, 1, 0, 1, 1, 0, 0, 1, 0, 5.9859),
('magimaster', 326, 0, 1, 1, 1, 0, 1, 1, 0, 0, 1, 0, 5.9878),
('shuprog1', 1006, 0, 1, 1, 1, 0, 1, 1, 0, 0, 1, 0, 5.1714),
('mrigank', 4050, 0, 0, 0, 1, 0, 0, 0, 0, 0, 0, 0, 1.0000),
('rajeshtiwari', 3463, 0, 0, 0, 1, 0, 0, 0, 0, 0, 1, 0, 2.0000),
('avadakedavra', 4039, 0, 0, 0, 1, 0, 0, 0, 0, 0, 0, 0, 1.0000),
('baluks', 2025, 0, 0, 0, 1, 0, 1, 0, 0, 0, 1, 0, 3.0000),
('rahul_953', 2909, 0, 0, 0, 1, 0, 0, 0, 0, 0, 1, 0, 2.0000),
('subhashis174', 3294, 0, 0, 0, 1, 0, 0, 0, 0, 0, 1, 0, 2.0000),
('dhruvil_93', 2786, 0, 0, 0, 1, 0, 0, 0, 0, 0, 1, 0, 2.0000),
('djain23', 1358, 0, 1, 1, 1, 0, 1, 0, 0, 0, 1, 0, 4.9850),
('dush22', 2222, 0, 0, 0, 1, 0, 1, 0, 0, 0, 1, 0, 3.0000),
('goelrinku', 462, 0, 1, 1, 1, 0, 1, 1, 0, 0, 1, 0, 5.9850),
('bear21', 3045, 0, 0, 0, 1, 0, 0, 0, 0, 0, 1, 0, 2.0000),
('nitvijay2009', 1130, 0, 0, 1, 1, 0, 1, 1, 0, 0, 1, 0, 5.0000),
('manicodes', 1924, 0, 1, 0, 1, 0, 1, 0, 0, 0, 1, 0, 3.9850),
('dvas_all', 2801, 0, 0, 0, 1, 0, 0, 0, 0, 0, 1, 0, 2.0000),
('architrathore', 4064, 0, 0, 0, 1, 0, 0, 0, 0, 0, 0, 0, 1.0000),
('shubhamjaju912', 1743, 0, 0, 1, 1, 0, 1, 0, 0, 0, 1, 0, 4.0000),
('uthishb', 2816, 0, 0, 0, 1, 0, 0, 0, 0, 0, 1, 0, 2.0000),
('cybermithun', 4041, 0, 0, 0, 1, 0, 0, 0, 0, 0, 0, 0, 1.0000),
('shashwat_01', 2080, 0, 0, 0, 1, 0, 1, 0, 0, 0, 1, 0, 3.0000),
('gagan485', 3197, 0, 0, 0, 0, 0, 1, 0, 0, 0, 1, 0, 2.0000),
('ksanoop53', 3255, 0, 0, 0, 1, 0, 0, 0, 0, 0, 1, 0, 2.0000),
('royalcobra', 2001, 0, 0, 0, 1, 0, 1, 0, 0, 0, 1, 0, 3.0000),
('rajeev_127150', 2781, 0, 0, 0, 1, 0, 0, 0, 0, 0, 1, 0, 2.0000),
('coderon', 1687, 0, 0, 1, 1, 0, 1, 0, 0, 0, 1, 0, 4.0000),
('anastas', 218, 0, 1, 1, 1, 1, 1, 1, 0, 0, 1, 0, 6.3768),
('vinaysharma', 2060, 0, 0, 0, 1, 0, 1, 0, 0, 0, 1, 0, 3.0000),
('pranavr93', 1382, 0, 1, 1, 1, 0, 1, 0, 0, 0, 1, 0, 4.3792),
('daxlab', 4043, 0, 0, 0, 1, 0, 0, 0, 0, 0, 0, 0, 1.0000),
('rollno1', 3011, 0, 0, 0, 1, 0, 0, 0, 0, 0, 1, 0, 2.0000),
('kulshrestha', 1676, 0, 0, 1, 1, 0, 1, 0, 0, 0, 1, 0, 4.0000),
('akashdeep_1991', 1395, 0, 1, 0, 1, 0, 1, 1, 0, 0, 1, 0, 4.3778),
('sandeepnitk', 1149, 0, 0, 1, 1, 0, 1, 1, 0, 0, 1, 0, 5.0000),
('vikings', 158, 0, 1, 1, 1, 1, 1, 1, 0, 0, 1, 0, 6.9850),
('shagun124', 679, 0, 1, 1, 1, 0, 1, 1, 0, 0, 1, 0, 5.9850),
('puff_power', 1152, 0, 0, 1, 1, 0, 1, 1, 0, 0, 1, 0, 5.0000),
('vicky_84', 3038, 0, 0, 0, 1, 0, 0, 0, 0, 0, 1, 0, 2.0000),
('navneet18', 2795, 0, 0, 0, 1, 0, 0, 0, 0, 0, 1, 0, 2.0000),
('a1z13', 4045, 0, 0, 0, 1, 0, 0, 0, 0, 0, 0, 0, 1.0000),
('push_back', 2168, 0, 0, 0, 1, 0, 1, 0, 0, 0, 1, 0, 3.0000),
('harmender', 2777, 0, 0, 0, 1, 0, 0, 0, 0, 0, 1, 0, 2.0000),
('cauchy', 1790, 0, 0, 1, 1, 0, 1, 0, 0, 0, 1, 0, 4.0000),
('subscriber', 46, 1, 1, 1, 1, 1, 1, 1, 0, 0, 1, 0, 7.3762),
('Eu1er', 618, 0, 1, 1, 1, 0, 1, 1, 0, 0, 1, 0, 5.9850),
('saum_28', 3265, 0, 0, 0, 1, 0, 0, 0, 0, 0, 1, 0, 2.0000),
('patfoot', 1417, 0, 1, 0, 1, 0, 1, 1, 0, 0, 1, 0, 4.3762),
('riyan', 4047, 0, 0, 0, 1, 0, 0, 0, 0, 0, 0, 0, 1.0000),
('rakshit93', 2798, 0, 0, 0, 1, 0, 0, 0, 0, 0, 1, 0, 2.0000),
('archit_jain08', 4048, 0, 0, 0, 1, 0, 0, 0, 0, 0, 0, 0, 1.0000);

CREATE TABLE IF NOT EXISTS `APRIL14ques` (
  `id` int(11) DEFAULT NULL,
  `name` varchar(60) NOT NULL,
  PRIMARY KEY (`name`)
) ENGINE=MyISAM DEFAULT CHARSET=utf8;

INSERT INTO `APRIL14ques` (`id`, `name`) VALUES
(1, 'Final Battle of Chef'),
(2, 'Sereja and Permutation'),
(3, 'Counting Matrices'),
(4, 'Farmer Feb'),
(5, 'Cards, bags and coins'),
(6, 'Chef and Digits'),
(7, 'Divide the Tangerine'),
(8, 'Make It Zero 3'),
(9, 'Chef and Tree Game'),
(10, 'Shortest Path in Binary Trees');



/*!40101 SET CHARACTER_SET_CLIENT=@OLD_CHARACTER_SET_CLIENT */;
/*!40101 SET CHARACTER_SET_RESULTS=@OLD_CHARACTER_SET_RESULTS */;
/*!40101 SET COLLATION_CONNECTION=@OLD_COLLATION_CONNECTION */;
