-- phpMyAdmin SQL Dump
-- version 3.4.9
-- http://www.phpmyadmin.net
--
-- Host: localhost
-- Generation Time: Jul 21, 2014 at 11:23 PM
-- Server version: 5.1.73
-- PHP Version: 5.3.3


SET SQL_MODE="NO_AUTO_VALUE_ON_ZERO";
SET time_zone = "+00:00";

/*!40101 SET @OLD_CHARACTER_SET_CLIENT=@@CHARACTER_SET_CLIENT */;
/*!40101 SET @OLD_CHARACTER_SET_RESULTS=@@CHARACTER_SET_RESULTS */;
/*!40101 SET @OLD_COLLATION_CONNECTION=@@COLLATION_CONNECTION */;
/*!40101 SET NAMES utf8 */;



--
-- Database: `admin_test`
--

-- --------------------------------------------------------

--
-- Table structure for table `ABCS2014`
--


CREATE TABLE IF NOT EXISTS `ABCS2014` (
  `handle` varchar(20) NOT NULL,
  `rank` int(11) DEFAULT NULL,
  `ques1` int(11) DEFAULT NULL,
  `ques2` int(11) DEFAULT NULL,
  `ques3` int(11) DEFAULT NULL,
  `ques4` int(11) DEFAULT NULL,
  `ques5` int(11) DEFAULT NULL,
  `ques6` int(11) DEFAULT NULL,
  `ques7` int(11) DEFAULT NULL,
  `ques8` int(11) DEFAULT NULL,
  `ques9` int(11) DEFAULT NULL,
  `ques10` int(11) DEFAULT NULL,
  `ques11` int(11) DEFAULT NULL,
  `score` float(6,4) DEFAULT NULL,
  PRIMARY KEY (`handle`)
) ENGINE=MyISAM DEFAULT CHARSET=utf8;

INSERT INTO `ABCS2014` (`handle`, `rank`, `ques1`, `ques2`, `ques3`, `ques4`, `ques5`, `ques6`, `ques7`, `ques8`, `ques9`, `ques10`, `ques11`, `score`) VALUES
('hagu', 33, 1, 1, 0, 0, 0, 0, 0, 0, 0, 0, 0, 2.0000),
('dhana', 9, 1, 1, 0, 0, 0, 0, 0, 0, 0, 0, 0, 2.0000),
('con_nha_ngheo', 2, 1, 1, 0, 0, 0, 0, 0, 0, 0, 0, 0, 2.0000),
('rajagopalkumar', 3, 1, 1, 0, 0, 0, 0, 0, 0, 0, 0, 0, 2.0000),
('calci', 49, 1, 1, 0, 0, 0, 0, 0, 0, 0, 0, 0, 2.0000),
('kshitij_jain', 81, 1, 0, 0, 0, 0, 0, 0, 0, 0, 0, 0, 1.0000),
('kavinkumar', 82, 1, 0, 0, 0, 0, 0, 0, 0, 0, 0, 0, 1.0000),
('zcoder', 83, 1, 0, 0, 0, 0, 0, 0, 0, 0, 0, 0, 1.0000),
('hellgeek', 6, 1, 1, 0, 0, 0, 0, 0, 0, 0, 0, 0, 2.0000),
('suresh_3', 5, 1, 1, 0, 0, 0, 0, 0, 0, 0, 0, 0, 2.0000),
('itzirfan', 34, 1, 1, 0, 0, 0, 0, 0, 0, 0, 0, 0, 2.0000),
('jyotesh', 18, 1, 1, 0, 0, 0, 0, 0, 0, 0, 0, 0, 2.0000),
('dpraveen', 4, 1, 1, 0, 0, 0, 0, 0, 0, 0, 0, 0, 2.0000),
('singalpratik', 15, 1, 1, 0, 0, 0, 0, 0, 0, 0, 0, 0, 2.0000),
('saransaravanan', 84, 1, 0, 0, 0, 0, 0, 0, 0, 0, 0, 0, 1.0000),
('akshay15894', 8, 1, 1, 0, 0, 0, 0, 0, 0, 0, 0, 0, 2.0000),
('Mr_Computer', 85, 1, 0, 0, 0, 0, 0, 0, 0, 0, 0, 0, 1.0000),
('nahidcuet12', 86, 0, 1, 0, 0, 0, 0, 0, 0, 0, 0, 0, 1.0000),
('anta0', 87, 1, 0, 0, 0, 0, 0, 0, 0, 0, 0, 0, 1.0000),
('shubham1402', 90, 1, 0, 0, 0, 0, 0, 0, 0, 0, 0, 0, 1.0000),
('slayer_x', 7, 1, 1, 0, 0, 0, 0, 0, 0, 0, 0, 0, 2.0000),
('r4r313', 20, 1, 1, 0, 0, 0, 0, 0, 0, 0, 0, 0, 2.0000),
('ankur13019', 94, 1, 0, 0, 0, 0, 0, 0, 0, 0, 0, 0, 1.0000),
('shreyans1995', 38, 1, 1, 0, 0, 0, 0, 0, 0, 0, 0, 0, 2.0000),
('rijul_saini', 16, 1, 1, 0, 0, 0, 0, 0, 0, 0, 0, 0, 2.0000),
('vats_20294', 10, 1, 1, 0, 0, 0, 0, 0, 0, 0, 0, 0, 2.0000),
('vadi', 11, 1, 1, 0, 0, 0, 0, 0, 0, 0, 0, 0, 2.0000),
('unlimited700', 14, 1, 1, 0, 0, 0, 0, 0, 0, 0, 0, 0, 2.0000),
('gb2793', 47, 1, 1, 0, 0, 0, 0, 0, 0, 0, 0, 0, 2.0000),
('taekit', 27, 1, 1, 0, 0, 0, 0, 0, 0, 0, 0, 0, 2.0000),
('rohit2100', 12, 1, 1, 0, 0, 0, 0, 0, 0, 0, 0, 0, 2.0000),
('seerajchamp', 99, 1, 0, 0, 0, 0, 0, 0, 0, 0, 0, 0, 1.0000),
('dragonslayerv2', 101, 0, 1, 0, 0, 0, 0, 0, 0, 0, 0, 0, 1.0000),
('rahuldps', 25, 1, 1, 0, 0, 0, 0, 0, 0, 0, 0, 0, 2.0000),
('fraxxx', 103, 1, 0, 0, 0, 0, 0, 0, 0, 0, 0, 0, 1.0000),
('raghavjajodia', 28, 1, 1, 0, 0, 0, 0, 0, 0, 0, 0, 0, 2.0000),
('kashish15', 22, 1, 1, 0, 0, 0, 0, 0, 0, 0, 0, 0, 2.0000),
('nishant_141077', 17, 1, 1, 0, 0, 0, 0, 0, 0, 0, 0, 0, 2.0000),
('venky_5556', 88, 1, 0, 0, 0, 0, 0, 0, 0, 0, 0, 0, 1.0000),
('heart_blue', 89, 1, 0, 0, 0, 0, 0, 0, 0, 0, 0, 0, 1.0000),
('fool_01', 91, 0, 1, 0, 0, 0, 0, 0, 0, 0, 0, 0, 1.0000),
('v2v4', 92, 1, 0, 0, 0, 0, 0, 0, 0, 0, 0, 0, 1.0000),
('vikram_94163', 93, 1, 0, 0, 0, 0, 0, 0, 0, 0, 0, 0, 1.0000),
('bony2023', 24, 1, 1, 0, 0, 0, 0, 0, 0, 0, 0, 0, 2.0000),
('gurupirasad', 13, 1, 1, 0, 0, 0, 0, 0, 0, 0, 0, 0, 2.0000),
('ajaykumar42', 98, 1, 0, 0, 0, 0, 0, 0, 0, 0, 0, 0, 1.0000),
('srte013', 31, 1, 1, 0, 0, 0, 0, 0, 0, 0, 0, 0, 2.0000),
('venomous', 65, 1, 1, 0, 0, 0, 0, 0, 0, 0, 0, 0, 2.0000),
('Sandeepripping', 26, 1, 1, 0, 0, 0, 0, 0, 0, 0, 0, 0, 2.0000),
('iec2012069', 37, 1, 1, 0, 0, 0, 0, 0, 0, 0, 0, 0, 2.0000),
('htrinh', 21, 1, 1, 0, 0, 0, 0, 0, 0, 0, 0, 0, 2.0000),
('runs', 102, 1, 0, 0, 0, 0, 0, 0, 0, 0, 0, 0, 1.0000),
('naruto_koder94', 1, 1, 1, 0, 0, 1, 0, 0, 0, 0, 0, 0, 3.0000),
('abhishek_iiita', 32, 1, 1, 0, 0, 0, 0, 0, 0, 0, 0, 0, 2.0000),
('abhijeet_1', 58, 1, 1, 0, 0, 0, 0, 0, 0, 0, 0, 0, 2.0000),
('devilatwork', 60, 1, 1, 0, 0, 0, 0, 0, 0, 0, 0, 0, 2.0000),
('raghu94', 115, 1, 0, 0, 0, 0, 0, 0, 0, 0, 0, 0, 1.0000),
('anuj95', 36, 1, 1, 0, 0, 0, 0, 0, 0, 0, 0, 0, 2.0000),
('priyank_karia', 95, 1, 0, 0, 0, 0, 0, 0, 0, 0, 0, 0, 1.0000),
('nitt006', 96, 1, 0, 0, 0, 0, 0, 0, 0, 0, 0, 0, 1.0000),
('subhamdtu', 23, 1, 1, 0, 0, 0, 0, 0, 0, 0, 0, 0, 2.0000),
('nyroro', 19, 1, 1, 0, 0, 0, 0, 0, 0, 0, 0, 0, 2.0000),
('ringo1611', 117, 1, 0, 0, 0, 0, 0, 0, 0, 0, 0, 0, 1.0000),
('codopediac3', 51, 1, 1, 0, 0, 0, 0, 0, 0, 0, 0, 0, 2.0000),
('sandeep200296', 30, 1, 1, 0, 0, 0, 0, 0, 0, 0, 0, 0, 2.0000),
('xmen123123', 29, 1, 1, 0, 0, 0, 0, 0, 0, 0, 0, 0, 2.0000),
('utkarshsri291', 97, 0, 1, 0, 0, 0, 0, 0, 0, 0, 0, 0, 1.0000),
('aniket_kumar', 39, 1, 1, 0, 0, 0, 0, 0, 0, 0, 0, 0, 2.0000),
('azneye', 100, 1, 0, 0, 0, 0, 0, 0, 0, 0, 0, 0, 1.0000),
('muthu95', 104, 1, 0, 0, 0, 0, 0, 0, 0, 0, 0, 0, 1.0000),
('rishul_nsit', 105, 1, 0, 0, 0, 0, 0, 0, 0, 0, 0, 0, 1.0000),
('barathe94', 50, 1, 1, 0, 0, 0, 0, 0, 0, 0, 0, 0, 2.0000),
('emruz_hossain', 110, 0, 1, 0, 0, 0, 0, 0, 0, 0, 0, 0, 1.0000),
('saiprasanna94', 113, 1, 0, 0, 0, 0, 0, 0, 0, 0, 0, 0, 1.0000),
('ayush_awasthi', 118, 1, 0, 0, 0, 0, 0, 0, 0, 0, 0, 0, 1.0000),
('tygrysek', 46, 1, 1, 0, 0, 0, 0, 0, 0, 0, 0, 0, 2.0000),
('adijimmy', 45, 1, 1, 0, 0, 0, 0, 0, 0, 0, 0, 0, 2.0000),
('sharmats28', 43, 1, 1, 0, 0, 0, 0, 0, 0, 0, 0, 0, 2.0000),
('coolvampire', 122, 1, 0, 0, 0, 0, 0, 0, 0, 0, 0, 0, 1.0000),
('ingeniosus', 123, 1, 0, 0, 0, 0, 0, 0, 0, 0, 0, 0, 1.0000),
('kevind', 127, 1, 0, 0, 0, 0, 0, 0, 0, 0, 0, 0, 1.0000),
('aakashanuj', 129, 1, 0, 0, 0, 0, 0, 0, 0, 0, 0, 0, 1.0000),
('suryadev', 68, 1, 1, 0, 0, 0, 0, 0, 0, 0, 0, 0, 2.0000),
('gorv', 140, 1, 0, 0, 0, 0, 0, 0, 0, 0, 0, 0, 1.0000),
('madancoder', 73, 1, 1, 0, 0, 0, 0, 0, 0, 0, 0, 0, 2.0000),
('rishwanth1993', 142, 1, 0, 0, 0, 0, 0, 0, 0, 0, 0, 0, 1.0000),
('yash_15', 106, 0, 1, 0, 0, 0, 0, 0, 0, 0, 0, 0, 1.0000),
('vish4071', 107, 1, 0, 0, 0, 0, 0, 0, 0, 0, 0, 0, 1.0000),
('tinochagua', 108, 1, 0, 0, 0, 0, 0, 0, 0, 0, 0, 0, 1.0000),
('ginnipkj', 35, 1, 1, 0, 0, 0, 0, 0, 0, 0, 0, 0, 2.0000),
('raku_ramkumar', 59, 1, 1, 0, 0, 0, 0, 0, 0, 0, 0, 0, 2.0000),
('incruator', 40, 1, 1, 0, 0, 0, 0, 0, 0, 0, 0, 0, 2.0000),
('ayushrocker92', 42, 1, 1, 0, 0, 0, 0, 0, 0, 0, 0, 0, 2.0000),
('mithunmk93', 114, 1, 0, 0, 0, 0, 0, 0, 0, 0, 0, 0, 1.0000),
('doomsfear', 121, 1, 0, 0, 0, 0, 0, 0, 0, 0, 0, 0, 1.0000),
('chinmayakumar', 124, 1, 0, 0, 0, 0, 0, 0, 0, 0, 0, 0, 1.0000),
('himanshukkr05', 52, 1, 1, 0, 0, 0, 0, 0, 0, 0, 0, 0, 2.0000),
('gonephishing', 131, 1, 0, 0, 0, 0, 0, 0, 0, 0, 0, 0, 1.0000),
('paras885', 77, 1, 1, 0, 0, 0, 0, 0, 0, 0, 0, 0, 2.0000),
('mohdasif2294', 156, 1, 0, 0, 0, 0, 0, 0, 0, 0, 0, 0, 1.0000),
('dracowane', 69, 1, 1, 0, 0, 0, 0, 0, 0, 0, 0, 0, 2.0000),
('another_kumar', 109, 0, 1, 0, 0, 0, 0, 0, 0, 0, 0, 0, 1.0000),
('baratheswer', 44, 1, 1, 0, 0, 0, 0, 0, 0, 0, 0, 0, 2.0000),
('pitaitomaichai', 71, 1, 1, 0, 0, 0, 0, 0, 0, 0, 0, 0, 2.0000),
('ritesh94', 111, 1, 0, 0, 0, 0, 0, 0, 0, 0, 0, 0, 1.0000),
('vignesh21193', 56, 1, 1, 0, 0, 0, 0, 0, 0, 0, 0, 0, 2.0000),
('shivani122', 48, 1, 1, 0, 0, 0, 0, 0, 0, 0, 0, 0, 2.0000),
('harunrashid93', 55, 1, 1, 0, 0, 0, 0, 0, 0, 0, 0, 0, 2.0000),
('gowthamvn', 64, 1, 1, 0, 0, 0, 0, 0, 0, 0, 0, 0, 2.0000),
('sayan1994', 74, 1, 1, 0, 0, 0, 0, 0, 0, 0, 0, 0, 2.0000),
('sathyaceg', 41, 1, 1, 0, 0, 0, 0, 0, 0, 0, 0, 0, 2.0000),
('honeyslawyer', 54, 1, 1, 0, 0, 0, 0, 0, 0, 0, 0, 0, 2.0000),
('gautam94', 57, 1, 1, 0, 0, 0, 0, 0, 0, 0, 0, 0, 2.0000),
('siramit', 112, 1, 0, 0, 0, 0, 0, 0, 0, 0, 0, 0, 1.0000),
('thealphaking01', 116, 1, 0, 0, 0, 0, 0, 0, 0, 0, 0, 0, 1.0000),
('codangi', 119, 1, 0, 0, 0, 0, 0, 0, 0, 0, 0, 0, 1.0000),
('james_alcatraz', 120, 1, 0, 0, 0, 0, 0, 0, 0, 0, 0, 0, 1.0000),
('alphaparticle', 72, 1, 1, 0, 0, 0, 0, 0, 0, 0, 0, 0, 2.0000),
('uvsankar', 63, 1, 1, 0, 0, 0, 0, 0, 0, 0, 0, 0, 2.0000),
('bear', 126, 1, 0, 0, 0, 0, 0, 0, 0, 0, 0, 0, 1.0000),
('r3gz3n', 53, 1, 1, 0, 0, 0, 0, 0, 0, 0, 0, 0, 2.0000),
('bradd123', 128, 1, 0, 0, 0, 0, 0, 0, 0, 0, 0, 0, 1.0000),
('harsha2904', 136, 1, 0, 0, 0, 0, 0, 0, 0, 0, 0, 0, 1.0000),
('lakshmi8', 137, 1, 0, 0, 0, 0, 0, 0, 0, 0, 0, 0, 1.0000),
('yuvanesh1996', 139, 1, 0, 0, 0, 0, 0, 0, 0, 0, 0, 0, 1.0000),
('knb_dtu', 79, 1, 1, 0, 0, 0, 0, 0, 0, 0, 0, 0, 2.0000),
('sr421', 75, 1, 1, 0, 0, 0, 0, 0, 0, 0, 0, 0, 2.0000),
('rajendran_93', 154, 1, 0, 0, 0, 0, 0, 0, 0, 0, 0, 0, 1.0000),
('galxion', 155, 0, 1, 0, 0, 0, 0, 0, 0, 0, 0, 0, 1.0000),
('hellboy_86', 80, 1, 1, 0, 0, 0, 0, 0, 0, 0, 0, 0, 2.0000),
('ayusha0711', 61, 1, 1, 0, 0, 0, 0, 0, 0, 0, 0, 0, 2.0000),
('kunal361', 70, 1, 1, 0, 0, 0, 0, 0, 0, 0, 0, 0, 2.0000),
('aalhadkulkarni', 125, 1, 0, 0, 0, 0, 0, 0, 0, 0, 0, 0, 1.0000),
('dhivadhiva001', 67, 1, 1, 0, 0, 0, 0, 0, 0, 0, 0, 0, 2.0000),
('maha90594', 130, 0, 1, 0, 0, 0, 0, 0, 0, 0, 0, 0, 1.0000),
('sourabh_', 132, 1, 0, 0, 0, 0, 0, 0, 0, 0, 0, 0, 1.0000),
('i_am_what_i_am', 62, 1, 1, 0, 0, 0, 0, 0, 0, 0, 0, 0, 2.0000),
('gcs06', 133, 1, 0, 0, 0, 0, 0, 0, 0, 0, 0, 0, 1.0000),
('himan2392', 134, 1, 0, 0, 0, 0, 0, 0, 0, 0, 0, 0, 1.0000),
('vickys324', 135, 0, 1, 0, 0, 0, 0, 0, 0, 0, 0, 0, 1.0000),
('prathma_94', 138, 1, 0, 0, 0, 0, 0, 0, 0, 0, 0, 0, 1.0000),
('cod_123', 141, 0, 1, 0, 0, 0, 0, 0, 0, 0, 0, 0, 1.0000),
('devilsliveon', 66, 1, 1, 0, 0, 0, 0, 0, 0, 0, 0, 0, 2.0000),
('django_freeman', 143, 1, 0, 0, 0, 0, 0, 0, 0, 0, 0, 0, 1.0000),
('rajarshi369', 144, 1, 0, 0, 0, 0, 0, 0, 0, 0, 0, 0, 1.0000),
('sibashis', 147, 1, 0, 0, 0, 0, 0, 0, 0, 0, 0, 0, 1.0000),
('rednivrug15', 149, 1, 0, 0, 0, 0, 0, 0, 0, 0, 0, 0, 1.0000),
('hemnath10', 150, 1, 0, 0, 0, 0, 0, 0, 0, 0, 0, 0, 1.0000),
('jayapradhavr', 152, 1, 0, 0, 0, 0, 0, 0, 0, 0, 0, 0, 1.0000),
('fbaddict123', 153, 0, 1, 0, 0, 0, 0, 0, 0, 0, 0, 0, 1.0000),
('bunty93', 76, 1, 1, 0, 0, 0, 0, 0, 0, 0, 0, 0, 2.0000),
('arunceg', 158, 1, 0, 0, 0, 0, 0, 0, 0, 0, 0, 0, 1.0000),
('kool', 146, 1, 0, 0, 0, 0, 0, 0, 0, 0, 0, 0, 1.0000),
('vermashubhang', 78, 1, 1, 0, 0, 0, 0, 0, 0, 0, 0, 0, 2.0000),
('lazykoder03', 151, 1, 0, 0, 0, 0, 0, 0, 0, 0, 0, 0, 1.0000),
('yoyosonu', 145, 0, 1, 0, 0, 0, 0, 0, 0, 0, 0, 0, 1.0000),
('rajeevkgprk', 148, 0, 1, 0, 0, 0, 0, 0, 0, 0, 0, 0, 1.0000),
('jasu', 157, 1, 0, 0, 0, 0, 0, 0, 0, 0, 0, 0, 1.0000),
('ronak7m', 159, 1, 0, 0, 0, 0, 0, 0, 0, 0, 0, 0, 1.0000),
('souradeepray', 160, 1, 0, 0, 0, 0, 0, 0, 0, 0, 0, 0, 1.0000),
('shaswatrungta', 161, 0, 1, 0, 0, 0, 0, 0, 0, 0, 0, 0, 1.0000),
('krey', 162, 1, 0, 0, 0, 0, 0, 0, 0, 0, 0, 0, 1.0000);

CREATE TABLE IF NOT EXISTS `ABCS2014ques` (
  `id` int(11) DEFAULT NULL,
  `name` varchar(60) NOT NULL,
  PRIMARY KEY (`name`)
) ENGINE=MyISAM DEFAULT CHARSET=utf8;

INSERT INTO `ABCS2014ques` (`id`, `name`) VALUES
(1, 'Help Ram'),
(2, 'Chain Reaction'),
(3, 'Flappy Bird'),
(4, 'Pipes'),
(5, 'Grand Staircase'),
(6, 'Super Mario');


/*!40101 SET CHARACTER_SET_CLIENT=@OLD_CHARACTER_SET_CLIENT */;
/*!40101 SET CHARACTER_SET_RESULTS=@OLD_CHARACTER_SET_RESULTS */;
/*!40101 SET COLLATION_CONNECTION=@OLD_COLLATION_CONNECTION */;
