-- phpMyAdmin SQL Dump
-- version 3.4.9
-- http://www.phpmyadmin.net
--
-- Host: localhost
-- Generation Time: Jul 27, 2014 at 08:27 PM
-- Server version: 5.1.73
-- PHP Version: 5.3.3

SET SQL_MODE="NO_ AUTO_VALUE_ON_ZERO";
SET time_zone = "+00:00";


/*!40101 SET @OLD_CHARACTER_SET_CLIENT=@@CHARACTER_SET_CLIENT */;
/*!40101 SET @OLD_CHARACTER_SET_RESULTS=@@CHARACTER_SET_RESULTS */;
/*!40101 SET @OLD_COLLATION_CONNECTION=@@COLLATION_CONNECTION */;
/*!40101 SET NAMES utf8 */;

--
-- Database: `admin_test`
--

-- --------------------------------------------------------

--
-- Table structure for table `LTIME14`
--

CREATE TABLE IF NOT EXISTS `LTIME14` (
  `handle` varchar(20) NOT NULL,
  `rank` int(11) DEFAULT NULL,
  `ques1` int(11) DEFAULT NULL,
  `ques2` int(11) DEFAULT NULL,
  `ques3` int(11) DEFAULT NULL,
  `ques4` int(11) DEFAULT NULL,
  `ques5` int(11) DEFAULT NULL,
  `ques6` int(11) DEFAULT NULL,
  `ques7` int(11) DEFAULT NULL,
  `ques8` int(11) DEFAULT NULL,
  `ques9` int(11) DEFAULT NULL,
  `ques10` int(11) DEFAULT NULL,
  `ques11` int(11) DEFAULT NULL,
  `score` float(7,4) DEFAULT NULL,
  PRIMARY KEY (`handle`)
) ENGINE=MyISAM DEFAULT CHARSET=utf8;

--
-- Dumping data for table `LTIME14`
--

INSERT INTO `LTIME14` (`handle`, `rank`, `ques1`, `ques2`, `ques3`, `ques4`, `ques5`, `ques6`, `ques7`, `ques8`, `ques9`, `ques10`, `ques11`, `score`) VALUES
('lebron', 6, 1, 1, 1, 1, 0, 0, 0, 0, 0, 0, 0, 400.0000),
('andyepeacebow', 66, 1, 1, 0, 1, 0, 0, 0, 0, 0, 0, 0, 250.0000),
('neo1tech9_7', 94, 1, 1, 0, 1, 0, 0, 0, 0, 0, 0, 0, 230.0000),
('dragonslayerv2', 440, 1, 0, 0, 0, 0, 0, 0, 0, 0, 0, 0, 100.0000),
('achaitanyasai', 524, 1, 0, 0, 0, 0, 0, 0, 0, 0, 0, 0, 100.0000),
('sanjeev1779', 337, 1, 1, 0, 1, 0, 0, 0, 0, 0, 0, 0, 130.0000),
('kingaguila', 235, 1, 0, 0, 1, 0, 0, 0, 0, 0, 0, 0, 150.0000),
('abhisheklfs', 428, 1, 0, 1, 0, 0, 0, 0, 0, 0, 0, 0, 120.0000),
('temirulan', 112, 1, 1, 0, 0, 0, 0, 0, 0, 0, 0, 0, 200.0000),
('aangairbender', 62, 1, 1, 0, 1, 0, 0, 0, 0, 0, 0, 0, 250.0000),
('r3gz3n', 251, 1, 1, 0, 0, 0, 0, 0, 0, 0, 0, 0, 150.0000),
('aditya1495', 168, 1, 1, 0, 1, 0, 0, 0, 0, 0, 0, 0, 180.0000),
('cegprakash', 58, 1, 1, 1, 1, 0, 0, 0, 0, 0, 0, 0, 270.0000),
('lucifer2709', 269, 1, 1, 1, 1, 0, 0, 0, 0, 0, 0, 0, 150.0000),
('abhishek_iiita', 180, 1, 1, 0, 1, 0, 0, 0, 0, 0, 0, 0, 180.0000),
('karolis_kusas', 10, 1, 1, 1, 1, 0, 0, 0, 0, 0, 0, 0, 400.0000),
('vladamg98', 152, 1, 1, 1, 1, 0, 0, 0, 0, 0, 0, 0, 200.0000),
('alok_code', 503, 1, 0, 0, 0, 0, 0, 0, 0, 0, 0, 0, 100.0000),
('kierguevara', 154, 1, 1, 1, 1, 0, 0, 0, 0, 0, 0, 0, 200.0000),
('adhish', 811, 1, 0, 0, 0, 0, 0, 0, 0, 0, 0, 0, 50.0000),
('manish05', 56, 1, 1, 1, 1, 0, 0, 0, 0, 0, 0, 0, 270.0000),
('viralsoni', 812, 1, 0, 0, 0, 0, 0, 0, 0, 0, 0, 0, 50.0000),
('tanzaku', 9, 1, 1, 1, 1, 0, 0, 0, 0, 0, 0, 0, 400.0000),
('prantoran', 232, 1, 1, 0, 0, 0, 0, 0, 0, 0, 0, 0, 150.0000),
('dikshant001', 388, 1, 1, 0, 1, 0, 0, 0, 0, 0, 0, 0, 130.0000),
('hellkitsune', 19, 1, 1, 1, 1, 0, 0, 0, 0, 0, 0, 0, 360.0000),
('skrcode', 260, 1, 1, 1, 1, 0, 0, 0, 0, 0, 0, 0, 150.0000),
('usaxena95', 64, 1, 1, 0, 1, 0, 0, 0, 0, 0, 0, 0, 250.0000),
('crucian', 439, 1, 0, 0, 0, 0, 0, 0, 0, 0, 0, 0, 100.0000),
('kaizero', 4, 1, 1, 1, 1, 0, 0, 0, 0, 0, 0, 0, 400.0000),
('guptakhil', 813, 1, 0, 0, 0, 0, 0, 0, 0, 0, 0, 0, 50.0000),
('archit_jain08', 171, 1, 1, 0, 1, 0, 0, 0, 0, 0, 0, 0, 180.0000),
('wellvolks', 165, 1, 1, 1, 1, 0, 0, 0, 0, 0, 0, 0, 190.0000),
('iamsexy', 139, 1, 1, 0, 1, 0, 0, 0, 0, 0, 0, 0, 200.0000),
('forgot93', 437, 1, 0, 0, 0, 0, 0, 0, 0, 0, 0, 0, 100.0000),
('Sandeepripping', 274, 1, 1, 0, 0, 0, 0, 0, 0, 0, 0, 0, 130.0000),
('gddalgsd', 325, 1, 1, 0, 0, 0, 0, 0, 0, 0, 0, 0, 130.0000),
('abhiruchi16', 636, 1, 1, 0, 0, 0, 0, 0, 0, 0, 0, 0, 80.0000),
('meintoo', 608, 1, 1, 0, 0, 0, 0, 0, 0, 0, 0, 0, 80.0000),
('bolt082', 561, 1, 0, 0, 1, 0, 0, 0, 0, 0, 0, 0, 100.0000),
('proxy_s', 626, 1, 1, 0, 0, 0, 0, 0, 0, 0, 0, 0, 80.0000),
('anikaitshivam', 163, 1, 1, 1, 1, 0, 0, 0, 0, 0, 0, 0, 200.0000),
('sb5895', 179, 1, 1, 0, 1, 0, 0, 0, 0, 0, 0, 0, 180.0000),
('coolutpaljha', 239, 1, 0, 0, 1, 0, 0, 0, 0, 0, 0, 0, 150.0000),
('dpraveen', 108, 1, 1, 0, 0, 0, 0, 0, 0, 0, 0, 0, 200.0000),
('sanchitkashyap', 719, 1, 1, 0, 0, 0, 0, 0, 0, 0, 0, 0, 80.0000),
('atulsehgal', 113, 1, 1, 0, 1, 0, 0, 0, 0, 0, 0, 0, 200.0000),
('dragonslayerx', 162, 1, 1, 1, 1, 0, 0, 0, 0, 0, 0, 0, 200.0000),
('shyam23vinay', 653, 1, 1, 0, 0, 0, 0, 0, 0, 0, 0, 0, 80.0000),
('coderkk', 814, 1, 0, 0, 0, 0, 0, 0, 0, 0, 0, 0, 50.0000),
('diptesh1ce3', 95, 1, 1, 0, 1, 0, 0, 0, 0, 0, 0, 0, 230.0000),
('bendkhale', 182, 1, 1, 0, 1, 0, 0, 0, 0, 0, 0, 0, 180.0000),
('apaargarg', 740, 1, 1, 0, 0, 0, 0, 0, 0, 0, 0, 0, 80.0000),
('maapaa', 815, 1, 0, 0, 0, 0, 0, 0, 0, 0, 0, 0, 50.0000),
('peeyushy95', 374, 1, 1, 0, 1, 0, 0, 0, 0, 0, 0, 0, 130.0000),
('knightl', 7, 1, 1, 1, 1, 0, 0, 0, 0, 0, 0, 0, 400.0000),
('nastra', 166, 1, 1, 0, 1, 0, 0, 0, 0, 0, 0, 0, 180.0000),
('nitre', 816, 1, 0, 0, 0, 0, 0, 0, 0, 0, 0, 0, 50.0000),
('fighter_iiita', 609, 1, 1, 0, 0, 0, 0, 0, 0, 0, 0, 0, 80.0000),
('shyamelc', 302, 1, 1, 0, 1, 0, 0, 0, 0, 0, 0, 0, 130.0000),
('iron_maiden', 817, 1, 0, 0, 0, 0, 0, 0, 0, 0, 0, 0, 50.0000),
('vippu95', 818, 1, 0, 0, 0, 0, 0, 0, 0, 0, 0, 0, 50.0000),
('sagar0907', 301, 1, 1, 0, 0, 0, 0, 0, 0, 0, 0, 0, 130.0000),
('sh16011993', 611, 1, 1, 0, 0, 0, 0, 0, 0, 0, 0, 0, 80.0000),
('chinmaya13', 791, 1, 1, 0, 0, 0, 0, 0, 0, 0, 0, 0, 80.0000),
('divyabiyani', 730, 1, 1, 0, 0, 0, 0, 0, 0, 0, 0, 0, 80.0000),
('docodon', 400, 1, 1, 0, 1, 0, 0, 0, 0, 0, 0, 0, 130.0000),
('abhi_iiit_17', 122, 1, 1, 0, 0, 0, 0, 0, 0, 0, 0, 0, 200.0000),
('ayush10294', 491, 1, 0, 0, 0, 0, 0, 0, 0, 0, 0, 0, 100.0000),
('void_', 556, 1, 0, 0, 1, 0, 0, 0, 0, 0, 0, 0, 100.0000),
('rednivrug15', 229, 1, 1, 0, 0, 0, 0, 0, 0, 0, 0, 0, 160.0000),
('progkiller123', 279, 1, 1, 0, 1, 0, 0, 0, 0, 0, 0, 0, 130.0000),
('nitesh_ism', 142, 1, 1, 0, 1, 0, 0, 0, 0, 0, 0, 0, 200.0000),
('koolboy', 172, 1, 1, 0, 1, 0, 0, 0, 0, 0, 0, 0, 180.0000),
('swag33r', 275, 1, 1, 0, 0, 0, 0, 0, 0, 0, 0, 0, 130.0000),
('tanayjha', 662, 1, 1, 0, 0, 0, 0, 0, 0, 0, 0, 0, 80.0000),
('viperx', 434, 1, 0, 0, 0, 0, 0, 0, 0, 0, 0, 0, 100.0000),
('bahlsahil', 146, 1, 1, 0, 1, 0, 0, 0, 0, 0, 0, 0, 200.0000),
('itsmepsk', 723, 1, 1, 0, 0, 0, 0, 0, 0, 0, 0, 0, 80.0000),
('deepakgoyal29', 291, 1, 1, 0, 0, 0, 0, 0, 0, 0, 0, 0, 130.0000),
('nikhil17_92', 819, 1, 0, 0, 0, 0, 0, 0, 0, 0, 0, 0, 50.0000),
('shantanu10', 820, 1, 0, 0, 0, 0, 0, 0, 0, 0, 0, 0, 50.0000),
('lebesgue1', 339, 1, 1, 0, 1, 0, 0, 0, 0, 0, 0, 0, 130.0000),
('rohithpr', 821, 1, 0, 0, 0, 0, 0, 0, 0, 0, 0, 0, 50.0000),
('devil1crack10', 190, 1, 1, 0, 1, 0, 0, 0, 0, 0, 0, 0, 180.0000),
('abcde12345', 435, 1, 0, 0, 0, 0, 0, 0, 0, 0, 0, 0, 100.0000),
('saumyadeep', 822, 1, 0, 0, 0, 0, 0, 0, 0, 0, 0, 0, 50.0000),
('vinoth_kumar95', 615, 1, 1, 0, 0, 0, 0, 0, 0, 0, 0, 0, 80.0000),
('azukun', 35, 1, 1, 1, 1, 0, 0, 0, 0, 0, 0, 0, 310.0000),
('knb_dtu', 186, 1, 1, 0, 1, 0, 0, 0, 0, 0, 0, 0, 180.0000),
('vijay_khandal', 724, 1, 1, 0, 0, 0, 0, 0, 0, 0, 0, 0, 80.0000),
('yash_15', 121, 1, 1, 0, 0, 0, 0, 0, 0, 0, 0, 0, 200.0000),
('rajeevkgprk', 225, 1, 1, 0, 1, 0, 0, 0, 0, 0, 0, 0, 170.0000),
('amritesh1991', 277, 1, 1, 0, 1, 0, 0, 0, 0, 0, 0, 0, 130.0000),
('avneet_singh14', 196, 1, 1, 0, 1, 0, 0, 0, 0, 0, 0, 0, 180.0000),
('abhid95', 287, 1, 1, 0, 1, 0, 0, 0, 0, 0, 0, 0, 130.0000),
('r_raghuvanshi', 173, 1, 1, 0, 1, 0, 0, 0, 0, 0, 0, 0, 180.0000),
('hellgeek', 90, 1, 1, 1, 1, 0, 0, 0, 0, 0, 0, 0, 240.0000),
('pulkitsinghal', 221, 1, 1, 0, 1, 0, 0, 0, 0, 0, 0, 0, 180.0000),
('dwoolley3', 96, 1, 1, 0, 1, 0, 0, 0, 0, 0, 0, 0, 230.0000),
('vikings', 144, 1, 1, 1, 1, 0, 0, 0, 0, 0, 0, 0, 200.0000),
('pushkarprotik', 624, 1, 1, 0, 0, 0, 0, 0, 0, 0, 0, 0, 80.0000),
('shivek1366', 823, 1, 0, 0, 0, 0, 0, 0, 0, 0, 0, 0, 50.0000),
('anshkhanna7', 403, 1, 1, 0, 1, 0, 0, 0, 0, 0, 0, 0, 130.0000),
('pr0ton', 107, 1, 1, 0, 0, 0, 0, 0, 0, 0, 0, 0, 200.0000),
('piyush1agarwal', 824, 1, 0, 0, 0, 0, 0, 0, 0, 0, 0, 0, 50.0000),
('tapopadma', 288, 1, 1, 0, 1, 0, 0, 0, 0, 0, 0, 0, 130.0000),
('prpr', 47, 1, 1, 0, 1, 0, 0, 0, 0, 0, 0, 0, 300.0000),
('adijimmy', 222, 1, 1, 0, 1, 0, 0, 0, 0, 0, 0, 0, 180.0000),
('anup1pma', 55, 1, 1, 1, 1, 0, 0, 0, 0, 0, 0, 0, 270.0000),
('yutaka1999', 8, 1, 1, 1, 1, 0, 0, 0, 0, 0, 0, 0, 400.0000),
('yacoder', 332, 1, 1, 0, 0, 0, 0, 0, 0, 0, 0, 0, 130.0000),
('wittyceaser', 420, 1, 1, 0, 1, 0, 0, 0, 0, 0, 0, 0, 130.0000),
('anta0', 2, 1, 1, 1, 1, 0, 0, 0, 0, 0, 0, 0, 400.0000),
('shreyans1995', 65, 1, 1, 0, 1, 0, 0, 0, 0, 0, 0, 0, 250.0000),
('akashdeep_1991', 947, 1, 0, 0, 0, 0, 0, 0, 0, 0, 0, 0, 50.0000),
('akat', 45, 1, 1, 1, 1, 0, 0, 0, 0, 0, 0, 0, 310.0000),
('rvns03', 392, 1, 1, 0, 1, 0, 0, 0, 0, 0, 0, 0, 130.0000),
('vicky2135', 254, 1, 1, 0, 0, 0, 0, 0, 0, 0, 0, 0, 150.0000),
('jackal02', 40, 1, 1, 1, 1, 0, 0, 0, 0, 0, 0, 0, 310.0000),
('mmaks', 358, 1, 1, 0, 1, 0, 0, 0, 0, 0, 0, 0, 130.0000),
('pkay', 1031, 1, 0, 0, 0, 0, 0, 0, 0, 0, 0, 0, 50.0000),
('saichandu6', 641, 1, 1, 0, 0, 0, 0, 0, 0, 0, 0, 0, 80.0000),
('isego1', 24, 1, 1, 1, 1, 0, 0, 0, 0, 0, 0, 0, 350.0000),
('dark_coder1122', 1043, 1, 0, 0, 0, 0, 0, 0, 0, 0, 0, 0, 50.0000),
('tanvir002700', 37, 1, 1, 1, 1, 0, 0, 0, 0, 0, 0, 0, 310.0000),
('hitesh091', 432, 1, 1, 0, 0, 0, 0, 0, 0, 0, 0, 0, 110.0000),
('music960633', 77, 1, 1, 0, 1, 0, 0, 0, 0, 0, 0, 0, 250.0000),
('vadi', 648, 1, 1, 0, 0, 0, 0, 0, 0, 0, 0, 0, 80.0000),
('vvneagleone', 53, 1, 1, 1, 1, 0, 0, 0, 0, 0, 0, 0, 270.0000),
('h9k6', 88, 1, 1, 1, 1, 0, 0, 0, 0, 0, 0, 0, 240.0000),
('hrudayanath', 638, 1, 1, 0, 0, 0, 0, 0, 0, 0, 0, 0, 80.0000),
('debjit99', 130, 1, 1, 0, 0, 0, 0, 0, 0, 0, 0, 0, 200.0000),
('gara007', 825, 1, 0, 0, 0, 0, 0, 0, 0, 0, 0, 0, 50.0000),
('pikaynu', 523, 1, 0, 0, 1, 0, 0, 0, 0, 0, 0, 0, 100.0000),
('samarholkar', 686, 1, 1, 0, 0, 0, 0, 0, 0, 0, 0, 0, 80.0000),
('dr_praveenss', 444, 1, 0, 0, 0, 0, 0, 0, 0, 0, 0, 0, 100.0000),
('anandkeshri', 189, 1, 1, 0, 1, 0, 0, 0, 0, 0, 0, 0, 180.0000),
('nsudeep', 612, 1, 1, 0, 0, 0, 0, 0, 0, 0, 0, 0, 80.0000),
('subhadip3', 383, 1, 1, 0, 1, 0, 0, 0, 0, 0, 0, 0, 130.0000),
('ktitan', 124, 1, 1, 0, 1, 0, 0, 0, 0, 0, 0, 0, 200.0000),
('simrandeep11', 826, 1, 0, 0, 0, 0, 0, 0, 0, 0, 0, 0, 50.0000),
('coderaditya', 363, 1, 1, 0, 1, 0, 0, 0, 0, 0, 0, 0, 130.0000),
('s1agni_', 827, 1, 0, 0, 0, 0, 0, 0, 0, 0, 0, 0, 50.0000),
('alphaparticle', 93, 1, 1, 0, 1, 0, 0, 0, 0, 0, 0, 0, 230.0000),
('krish8764', 306, 1, 1, 0, 1, 0, 0, 0, 0, 0, 0, 0, 130.0000),
('brokenamit', 828, 1, 0, 0, 0, 0, 0, 0, 0, 0, 0, 0, 50.0000),
('jackal_1586', 828, 1, 0, 0, 0, 0, 0, 0, 0, 0, 0, 0, 50.0000),
('arpit2564', 771, 1, 1, 0, 0, 0, 0, 0, 0, 0, 0, 0, 80.0000),
('gothicprakhar', 830, 1, 0, 0, 0, 0, 0, 0, 0, 0, 0, 0, 50.0000),
('gauravit94', 831, 1, 0, 0, 0, 0, 0, 0, 0, 0, 0, 0, 50.0000),
('avinash235', 697, 1, 1, 0, 0, 0, 0, 0, 0, 0, 0, 0, 80.0000),
('code_overlord', 436, 1, 0, 0, 0, 0, 0, 0, 0, 0, 0, 0, 100.0000),
('pritam1', 554, 1, 0, 0, 0, 0, 0, 0, 0, 0, 0, 0, 100.0000),
('shivamfrnd', 320, 1, 1, 0, 1, 0, 0, 0, 0, 0, 0, 0, 130.0000),
('vkaadheeshwar', 200, 1, 1, 0, 1, 0, 0, 0, 0, 0, 0, 0, 180.0000),
('krishkrash', 832, 1, 0, 0, 0, 0, 0, 0, 0, 0, 0, 0, 50.0000),
('naveen439', 833, 1, 0, 0, 0, 0, 0, 0, 0, 0, 0, 0, 50.0000),
('nitintitus', 241, 1, 1, 0, 0, 0, 0, 0, 0, 0, 0, 0, 150.0000),
('djdolls', 28, 1, 1, 1, 1, 0, 0, 0, 0, 0, 0, 0, 350.0000),
('shyam786', 834, 1, 0, 0, 0, 0, 0, 0, 0, 0, 0, 0, 50.0000),
('va123', 835, 1, 0, 0, 0, 0, 0, 0, 0, 0, 0, 0, 50.0000),
('bogdanboboc97', 836, 1, 0, 0, 0, 0, 0, 0, 0, 0, 0, 0, 50.0000),
('saurabhsuniljai', 146, 1, 0, 0, 0, 0, 0, 0, 0, 0, 0, 0, 1.0000),
('realkira001', 837, 1, 0, 0, 0, 0, 0, 0, 0, 0, 0, 0, 50.0000),
('chalubhalu', 218, 1, 1, 0, 1, 0, 0, 0, 0, 0, 0, 0, 180.0000),
('zcoder', 407, 1, 1, 0, 1, 0, 0, 0, 0, 0, 0, 0, 130.0000),
('vats_20294', 227, 1, 1, 0, 0, 0, 0, 0, 0, 0, 0, 0, 160.0000),
('rohansuri', 838, 1, 0, 0, 0, 0, 0, 0, 0, 0, 0, 0, 50.0000),
('piyushkumar', 32, 1, 1, 1, 1, 0, 0, 0, 0, 0, 0, 0, 310.0000),
('webmail', 839, 1, 0, 0, 0, 0, 0, 0, 0, 0, 0, 0, 50.0000),
('mk90', 704, 1, 1, 0, 0, 0, 0, 0, 0, 0, 0, 0, 80.0000),
('kianoosh', 226, 1, 0, 1, 0, 0, 0, 0, 0, 0, 0, 0, 160.0000),
('brandyss123', 658, 1, 1, 0, 0, 0, 0, 0, 0, 0, 0, 0, 80.0000),
('ninety', 950, 1, 0, 0, 0, 0, 0, 0, 0, 0, 0, 0, 50.0000),
('asheshvidyut', 175, 1, 1, 0, 1, 0, 0, 0, 0, 0, 0, 0, 180.0000),
('its_pheonix', 389, 1, 1, 0, 1, 0, 0, 0, 0, 0, 0, 0, 130.0000),
('iabhishek', 637, 1, 1, 0, 0, 0, 0, 0, 0, 0, 0, 0, 80.0000),
('vijayarsenal10', 157, 1, 1, 0, 1, 0, 0, 0, 0, 0, 0, 0, 200.0000),
('suhasesturi', 211, 1, 1, 0, 1, 0, 0, 0, 0, 0, 0, 0, 180.0000),
('naumi_786', 134, 1, 1, 0, 1, 0, 0, 0, 0, 0, 0, 0, 200.0000),
('mbrc', 52, 1, 1, 1, 0, 0, 0, 0, 0, 0, 0, 0, 300.0000),
('kbhat', 481, 1, 0, 0, 1, 0, 0, 0, 0, 0, 0, 0, 100.0000),
('ankitbisla21', 386, 1, 1, 0, 1, 0, 0, 0, 0, 0, 0, 0, 130.0000),
('unlimited700', 384, 1, 1, 0, 0, 0, 0, 0, 0, 0, 0, 0, 130.0000),
('p00r', 463, 1, 0, 0, 0, 0, 0, 0, 0, 0, 0, 0, 100.0000),
('rivudas', 160, 1, 1, 0, 0, 0, 0, 0, 0, 0, 0, 0, 200.0000),
('amrit720', 840, 1, 0, 0, 0, 0, 0, 0, 0, 0, 0, 0, 50.0000),
('agas', 840, 1, 0, 0, 0, 0, 0, 0, 0, 0, 0, 0, 50.0000),
('pranjuldb', 207, 1, 1, 0, 1, 0, 0, 0, 0, 0, 0, 0, 180.0000),
('ry_7', 215, 1, 1, 0, 1, 0, 0, 0, 0, 0, 0, 0, 180.0000),
('theloveboy', 842, 1, 0, 0, 0, 0, 0, 0, 0, 0, 0, 0, 50.0000),
('joney_000', 199, 1, 1, 0, 1, 0, 0, 0, 0, 0, 0, 0, 180.0000),
('sopan_khosla', 80, 1, 1, 0, 1, 0, 0, 0, 0, 0, 0, 0, 250.0000),
('mnmaheshwari', 544, 1, 0, 0, 0, 0, 0, 0, 0, 0, 0, 0, 100.0000),
('kutengine', 3, 1, 1, 1, 1, 0, 0, 0, 0, 0, 0, 0, 400.0000),
('megatron_64', 843, 1, 0, 0, 0, 0, 0, 0, 0, 0, 0, 0, 50.0000),
('ramprasadh', 176, 1, 1, 0, 1, 0, 0, 0, 0, 0, 0, 0, 180.0000),
('jagdishbairer', 243, 1, 1, 0, 0, 0, 0, 0, 0, 0, 0, 0, 150.0000),
('bumbam', 126, 1, 1, 0, 0, 0, 0, 0, 0, 0, 0, 0, 200.0000),
('kk_cool', 844, 1, 0, 0, 0, 0, 0, 0, 0, 0, 0, 0, 50.0000),
('deepeshpanjabi', 652, 1, 1, 0, 0, 0, 0, 0, 0, 0, 0, 0, 80.0000),
('sanzzzay', 845, 1, 0, 0, 0, 0, 0, 0, 0, 0, 0, 0, 50.0000),
('nidhi1234', 278, 1, 1, 0, 1, 0, 0, 0, 0, 0, 0, 0, 130.0000),
('itzirfan', 212, 1, 1, 0, 1, 0, 0, 0, 0, 0, 0, 0, 180.0000),
('scep2', 846, 1, 0, 0, 0, 0, 0, 0, 0, 0, 0, 0, 50.0000),
('manitabhijeet', 299, 1, 1, 0, 0, 0, 0, 0, 0, 0, 0, 0, 130.0000),
('asif_mak', 338, 1, 1, 0, 1, 0, 0, 0, 0, 0, 0, 0, 130.0000),
('flappy', 630, 1, 1, 0, 0, 0, 0, 0, 0, 0, 0, 0, 80.0000),
('stheitive16_', 298, 1, 1, 0, 1, 0, 0, 0, 0, 0, 0, 0, 130.0000),
('tarun_dugar', 580, 1, 0, 0, 1, 0, 0, 0, 0, 0, 0, 0, 100.0000),
('maxmayank9', 610, 1, 1, 0, 0, 0, 0, 0, 0, 0, 0, 0, 80.0000),
('hariharans', 131, 1, 1, 0, 0, 0, 0, 0, 0, 0, 0, 0, 200.0000),
('bits_coder', 847, 1, 0, 0, 0, 0, 0, 0, 0, 0, 0, 0, 50.0000),
('imapurv', 360, 1, 1, 0, 1, 0, 0, 0, 0, 0, 0, 0, 130.0000),
('pratyay2690', 848, 1, 0, 0, 0, 0, 0, 0, 0, 0, 0, 0, 50.0000),
('sniper6', 849, 1, 0, 0, 0, 0, 0, 0, 0, 0, 0, 0, 50.0000),
('phoenix_mkroy', 850, 1, 0, 0, 0, 0, 0, 0, 0, 0, 0, 0, 50.0000),
('aksam', 430, 1, 1, 0, 0, 0, 0, 0, 0, 0, 0, 0, 110.0000),
('mskanyal', 282, 1, 1, 0, 1, 0, 0, 0, 0, 0, 0, 0, 130.0000),
('kid_de', 170, 1, 1, 0, 1, 0, 0, 0, 0, 0, 0, 0, 180.0000),
('mithunmk93', 414, 1, 1, 0, 1, 0, 0, 0, 0, 0, 0, 0, 130.0000),
('sricharan555', 851, 1, 0, 0, 0, 0, 0, 0, 0, 0, 0, 0, 50.0000),
('amitiitg', 465, 1, 0, 0, 0, 0, 0, 0, 0, 0, 0, 0, 100.0000),
('sharad001', 851, 1, 0, 0, 0, 0, 0, 0, 0, 0, 0, 0, 50.0000),
('fragusbot', 59, 1, 1, 1, 0, 0, 0, 0, 0, 0, 0, 0, 260.0000),
('labib666', 33, 1, 1, 1, 1, 0, 0, 0, 0, 0, 0, 0, 310.0000),
('raj__0jaiswal', 853, 1, 0, 0, 0, 0, 0, 0, 0, 0, 0, 0, 50.0000),
('thisisdevanshu', 720, 1, 1, 0, 0, 0, 0, 0, 0, 0, 0, 0, 80.0000),
('jnvipul94', 169, 1, 1, 0, 1, 0, 0, 0, 0, 0, 0, 0, 180.0000),
('hack2013', 854, 1, 0, 0, 0, 0, 0, 0, 0, 0, 0, 0, 50.0000),
('aaditya123', 255, 1, 1, 0, 0, 0, 0, 0, 0, 0, 0, 0, 150.0000),
('sensei', 78, 1, 1, 0, 1, 0, 0, 0, 0, 0, 0, 0, 250.0000),
('ashokdavas', 472, 1, 0, 0, 1, 0, 0, 0, 0, 0, 0, 0, 100.0000),
('vipsharmavip', 217, 1, 1, 0, 1, 0, 0, 0, 0, 0, 0, 0, 180.0000),
('niloy1993', 659, 1, 1, 0, 0, 0, 0, 0, 0, 0, 0, 0, 80.0000),
('winky', 619, 1, 1, 0, 0, 0, 0, 0, 0, 0, 0, 0, 80.0000),
('rijul_csedu', 110, 1, 1, 0, 0, 0, 0, 0, 0, 0, 0, 0, 200.0000),
('shubhamprasad', 417, 1, 1, 0, 1, 0, 0, 0, 0, 0, 0, 0, 130.0000),
('rajjo_coder', 284, 1, 1, 0, 0, 0, 0, 0, 0, 0, 0, 0, 130.0000),
('nikhil1406', 474, 1, 0, 0, 0, 0, 0, 0, 0, 0, 0, 0, 100.0000),
('kidcoder', 309, 1, 1, 0, 1, 0, 0, 0, 0, 0, 0, 0, 130.0000),
('sayan1994', 462, 1, 0, 0, 0, 0, 0, 0, 0, 0, 0, 0, 100.0000),
('k1shubham_3', 855, 1, 0, 0, 0, 0, 0, 0, 0, 0, 0, 0, 50.0000),
('kamal_soni', 507, 1, 0, 0, 0, 0, 0, 0, 0, 0, 0, 0, 100.0000),
('asthabanthia', 621, 1, 1, 0, 0, 0, 0, 0, 0, 0, 0, 0, 80.0000),
('vjmanit', 856, 1, 0, 0, 0, 0, 0, 0, 0, 0, 0, 0, 50.0000),
('thenextgen', 109, 1, 1, 0, 0, 0, 0, 0, 0, 0, 0, 0, 200.0000),
('sian', 782, 1, 1, 0, 0, 0, 0, 0, 0, 0, 0, 0, 80.0000),
('siddhartha4444', 184, 1, 1, 0, 1, 0, 0, 0, 0, 0, 0, 0, 180.0000),
('darkcoderrises', 442, 1, 0, 0, 0, 0, 0, 0, 0, 0, 0, 0, 100.0000),
('potter', 335, 1, 1, 0, 1, 0, 0, 0, 0, 0, 0, 0, 130.0000),
('black_grape', 209, 1, 1, 0, 1, 0, 0, 0, 0, 0, 0, 0, 180.0000),
('gauravkumar28', 174, 1, 1, 0, 1, 0, 0, 0, 0, 0, 0, 0, 180.0000),
('srv94', 525, 1, 0, 0, 1, 0, 0, 0, 0, 0, 0, 0, 100.0000),
('ravi0213', 97, 1, 1, 0, 1, 0, 0, 0, 0, 0, 0, 0, 230.0000),
('namdev102', 204, 1, 1, 0, 1, 0, 0, 0, 0, 0, 0, 0, 180.0000),
('isea', 27, 1, 1, 1, 1, 0, 0, 0, 0, 0, 0, 0, 350.0000),
('sangtaninaveen', 205, 1, 1, 0, 1, 0, 0, 0, 0, 0, 0, 0, 180.0000),
('callam2pm', 559, 1, 0, 0, 1, 0, 0, 0, 0, 0, 0, 0, 100.0000),
('ahmed1ossama13', 54, 1, 1, 1, 1, 0, 0, 0, 0, 0, 0, 0, 270.0000),
('naman26j', 231, 1, 1, 0, 1, 0, 0, 0, 0, 0, 0, 0, 160.0000),
('fruwajacybyk', 25, 1, 1, 1, 1, 0, 0, 0, 0, 0, 0, 0, 350.0000),
('uwi', 1, 1, 1, 1, 1, 0, 0, 0, 0, 0, 0, 0, 400.0000),
('svineet', 553, 1, 0, 0, 1, 0, 0, 0, 0, 0, 0, 0, 100.0000),
('darshil_babel', 857, 1, 0, 0, 0, 0, 0, 0, 0, 0, 0, 0, 50.0000),
('neweffort', 665, 1, 1, 0, 0, 0, 0, 0, 0, 0, 0, 0, 80.0000),
('aanchal204', 620, 1, 1, 0, 0, 0, 0, 0, 0, 0, 0, 0, 80.0000),
('shanu1803', 487, 1, 0, 0, 0, 0, 0, 0, 0, 0, 0, 0, 100.0000),
('bitsjaydeep', 858, 1, 0, 0, 0, 0, 0, 0, 0, 0, 0, 0, 50.0000),
('ipg_2013020', 859, 1, 0, 0, 0, 0, 0, 0, 0, 0, 0, 0, 50.0000),
('banuvb', 286, 1, 1, 0, 1, 0, 0, 0, 0, 0, 0, 0, 130.0000),
('soni123', 860, 1, 0, 0, 0, 0, 0, 0, 0, 0, 0, 0, 50.0000),
('pawandwivedi', 628, 1, 1, 0, 0, 0, 0, 0, 0, 0, 0, 0, 80.0000),
('rishabh2012', 385, 1, 1, 0, 1, 0, 0, 0, 0, 0, 0, 0, 130.0000),
('rishabhdce', 861, 1, 0, 0, 0, 0, 0, 0, 0, 0, 0, 0, 50.0000),
('shadoww', 460, 1, 0, 0, 0, 0, 0, 0, 0, 0, 0, 0, 100.0000),
('vector96', 862, 1, 0, 0, 0, 0, 0, 0, 0, 0, 0, 0, 50.0000),
('codesisya', 863, 1, 0, 0, 0, 0, 0, 0, 0, 0, 0, 0, 50.0000),
('ndpcoder', 864, 1, 0, 0, 0, 0, 0, 0, 0, 0, 0, 0, 50.0000),
('nalind', 865, 1, 0, 0, 0, 0, 0, 0, 0, 0, 0, 0, 50.0000),
('zipbomb', 646, 1, 1, 0, 0, 0, 0, 0, 0, 0, 0, 0, 80.0000),
('adi_das', 866, 1, 0, 0, 0, 0, 0, 0, 0, 0, 0, 0, 50.0000),
('coolboy95', 649, 1, 1, 0, 0, 0, 0, 0, 0, 0, 0, 0, 80.0000),
('rahuljain0014', 322, 1, 1, 0, 0, 0, 0, 0, 0, 0, 0, 0, 130.0000),
('dashuiren', 31, 1, 1, 1, 1, 0, 0, 0, 0, 0, 0, 0, 320.0000),
('harshsri', 84, 1, 1, 0, 1, 0, 0, 0, 0, 0, 0, 0, 250.0000),
('rock_nik', 622, 1, 1, 0, 0, 0, 0, 0, 0, 0, 0, 0, 80.0000),
('Romi', 273, 1, 1, 0, 0, 0, 0, 0, 0, 0, 0, 0, 130.0000),
('pratik_goutam', 623, 1, 1, 0, 0, 0, 0, 0, 0, 0, 0, 0, 80.0000),
('martinch', 373, 1, 1, 0, 0, 0, 0, 0, 0, 0, 0, 0, 130.0000),
('michael_westen', 617, 1, 1, 0, 0, 0, 0, 0, 0, 0, 0, 0, 80.0000),
('kai977', 133, 1, 1, 0, 0, 0, 0, 0, 0, 0, 0, 0, 200.0000),
('ravikadam', 640, 1, 1, 0, 0, 0, 0, 0, 0, 0, 0, 0, 80.0000),
('vip109', 613, 1, 1, 0, 0, 0, 0, 0, 0, 0, 0, 0, 80.0000),
('capawesome', 43, 1, 1, 1, 1, 0, 0, 0, 0, 0, 0, 0, 310.0000),
('shahrukhkhan', 664, 1, 1, 0, 0, 0, 0, 0, 0, 0, 0, 0, 80.0000),
('sony5494', 867, 1, 0, 0, 0, 0, 0, 0, 0, 0, 0, 0, 50.0000),
('dsch4', 868, 1, 0, 0, 0, 0, 0, 0, 0, 0, 0, 0, 50.0000),
('abhishekmishra', 324, 1, 1, 0, 1, 0, 0, 0, 0, 0, 0, 0, 130.0000),
('slfrawesome', 67, 1, 1, 0, 1, 0, 0, 0, 0, 0, 0, 0, 250.0000),
('shoaib_d_geek', 869, 1, 0, 0, 0, 0, 0, 0, 0, 0, 0, 0, 50.0000),
('bitbyte', 870, 1, 0, 0, 0, 0, 0, 0, 0, 0, 0, 0, 50.0000),
('harshulsoni', 870, 1, 0, 0, 0, 0, 0, 0, 0, 0, 0, 0, 50.0000),
('avi_khare', 872, 1, 0, 0, 0, 0, 0, 0, 0, 0, 0, 0, 50.0000),
('justsudheer', 873, 1, 0, 0, 0, 0, 0, 0, 0, 0, 0, 0, 50.0000),
('laxmanvemula', 294, 1, 1, 0, 0, 0, 0, 0, 0, 0, 0, 0, 130.0000),
('jirayasensei', 874, 1, 0, 0, 0, 0, 0, 0, 0, 0, 0, 0, 50.0000),
('ronaldo_007', 321, 1, 1, 0, 1, 0, 0, 0, 0, 0, 0, 0, 130.0000),
('jv_101', 875, 1, 0, 0, 0, 0, 0, 0, 0, 0, 0, 0, 50.0000),
('cyber_boy', 876, 1, 0, 0, 0, 0, 0, 0, 0, 0, 0, 0, 50.0000),
('nameisyash', 877, 1, 0, 0, 0, 0, 0, 0, 0, 0, 0, 0, 50.0000),
('krobin_93', 233, 1, 0, 0, 1, 0, 0, 0, 0, 0, 0, 0, 150.0000),
('rohithb', 878, 1, 0, 0, 0, 0, 0, 0, 0, 0, 0, 0, 50.0000),
('b821213', 15, 1, 1, 1, 1, 0, 0, 0, 0, 0, 0, 0, 400.0000),
('vikasreddy', 879, 1, 0, 0, 0, 0, 0, 0, 0, 0, 0, 0, 50.0000),
('sneh_vyas93', 105, 1, 1, 0, 1, 0, 0, 0, 0, 0, 0, 0, 210.0000),
('geonm', 50, 1, 1, 1, 0, 0, 0, 0, 0, 0, 0, 0, 300.0000),
('aj95', 281, 1, 1, 0, 1, 0, 0, 0, 0, 0, 0, 0, 130.0000),
('srswain2', 880, 1, 0, 0, 0, 0, 0, 0, 0, 0, 0, 0, 50.0000),
('atuljha1994', 881, 1, 0, 0, 0, 0, 0, 0, 0, 0, 0, 0, 50.0000),
('wert', 295, 1, 1, 0, 0, 0, 0, 0, 0, 0, 0, 0, 130.0000),
('vikash5507', 882, 1, 0, 0, 0, 0, 0, 0, 0, 0, 0, 0, 50.0000),
('divimund007', 883, 1, 0, 0, 0, 0, 0, 0, 0, 0, 0, 0, 50.0000),
('rajeshsethi', 494, 1, 0, 0, 1, 0, 0, 0, 0, 0, 0, 0, 100.0000),
('mohdwaseem007', 379, 1, 1, 0, 1, 0, 0, 0, 0, 0, 0, 0, 130.0000),
('bencambel21', 290, 1, 1, 0, 1, 0, 0, 0, 0, 0, 0, 0, 130.0000),
('dkolipak', 978, 1, 0, 0, 0, 0, 0, 0, 0, 0, 0, 0, 50.0000),
('azneye', 5, 1, 1, 1, 1, 0, 0, 0, 0, 0, 0, 0, 400.0000),
('subham_kumar', 456, 1, 0, 0, 0, 0, 0, 0, 0, 0, 0, 0, 100.0000),
('johri21', 551, 1, 0, 0, 0, 0, 0, 0, 0, 0, 0, 0, 100.0000),
('saurav_uprari', 483, 1, 0, 0, 0, 0, 0, 0, 0, 0, 0, 0, 100.0000),
('palash1010', 633, 1, 1, 0, 0, 0, 0, 0, 0, 0, 0, 0, 80.0000),
('mnomaan08', 991, 1, 0, 0, 0, 0, 0, 0, 0, 0, 0, 0, 50.0000),
('ondrejhubsch', 111, 1, 1, 0, 0, 0, 0, 0, 0, 0, 0, 0, 200.0000),
('gds94541', 341, 1, 1, 0, 0, 0, 0, 0, 0, 0, 0, 0, 130.0000),
('kreedo', 883, 1, 0, 0, 0, 0, 0, 0, 0, 0, 0, 0, 50.0000),
('vijay1310', 885, 1, 0, 0, 0, 0, 0, 0, 0, 0, 0, 0, 50.0000),
('fakemen', 886, 1, 0, 0, 0, 0, 0, 0, 0, 0, 0, 0, 50.0000),
('codemasterr', 149, 1, 1, 0, 1, 0, 0, 0, 0, 0, 0, 0, 200.0000),
('manish21', 887, 1, 0, 0, 0, 0, 0, 0, 0, 0, 0, 0, 50.0000),
('u_k11', 888, 1, 0, 0, 0, 0, 0, 0, 0, 0, 0, 0, 50.0000),
('priyanshu2501', 253, 1, 1, 0, 0, 0, 0, 0, 0, 0, 0, 0, 150.0000),
('udbhashazra77', 98, 1, 1, 0, 1, 0, 0, 0, 0, 0, 0, 0, 230.0000),
('iliya785', 101, 1, 1, 1, 1, 0, 0, 0, 0, 0, 0, 0, 220.0000),
('abhiheaven', 635, 1, 1, 0, 0, 0, 0, 0, 0, 0, 0, 0, 80.0000),
('stimuli', 167, 1, 1, 0, 1, 0, 0, 0, 0, 0, 0, 0, 180.0000),
('vivalgo', 141, 1, 1, 0, 0, 0, 0, 0, 0, 0, 0, 0, 200.0000),
('k3k33', 353, 1, 1, 0, 1, 0, 0, 0, 0, 0, 0, 0, 130.0000),
('MarioYC', 11, 1, 1, 1, 1, 0, 0, 0, 0, 0, 0, 0, 400.0000),
('aashi7jain', 234, 1, 1, 0, 0, 0, 0, 0, 0, 0, 0, 0, 150.0000),
('kuchnhihoga', 889, 1, 0, 0, 0, 0, 0, 0, 0, 0, 0, 0, 50.0000),
('imindrajit', 890, 1, 0, 0, 0, 0, 0, 0, 0, 0, 0, 0, 50.0000),
('lecodergusta', 634, 1, 1, 0, 0, 0, 0, 0, 0, 0, 0, 0, 80.0000),
('mohitmangnani', 707, 1, 1, 0, 0, 0, 0, 0, 0, 0, 0, 0, 80.0000),
('ram1krish16_3', 891, 1, 0, 0, 0, 0, 0, 0, 0, 0, 0, 0, 50.0000),
('ybharath007', 250, 1, 1, 0, 0, 0, 0, 0, 0, 0, 0, 0, 150.0000),
('abdul01010', 625, 1, 1, 0, 0, 0, 0, 0, 0, 0, 0, 0, 80.0000),
('virs', 892, 1, 0, 0, 0, 0, 0, 0, 0, 0, 0, 0, 50.0000),
('vecoder', 208, 1, 1, 0, 1, 0, 0, 0, 0, 0, 0, 0, 180.0000),
('xorfire', 16, 1, 1, 1, 1, 0, 0, 0, 0, 0, 0, 0, 400.0000),
('AnkitAti', 149, 1, 1, 0, 1, 0, 0, 0, 0, 0, 0, 0, 200.0000),
('abilash', 104, 1, 1, 0, 1, 0, 0, 0, 0, 0, 0, 0, 210.0000),
('shikharid', 68, 1, 1, 0, 1, 0, 0, 0, 0, 0, 0, 0, 250.0000),
('sidgupta234', 893, 1, 0, 0, 0, 0, 0, 0, 0, 0, 0, 0, 50.0000),
('tacoder', 265, 1, 1, 1, 1, 0, 0, 0, 0, 0, 0, 0, 150.0000),
('ntk_agrwl', 894, 1, 0, 0, 0, 0, 0, 0, 0, 0, 0, 0, 50.0000),
('pracodear', 709, 1, 1, 0, 0, 0, 0, 0, 0, 0, 0, 0, 80.0000),
('simararorarox9', 895, 1, 0, 0, 0, 0, 0, 0, 0, 0, 0, 0, 50.0000),
('niweshgupta22', 63, 1, 1, 0, 1, 0, 0, 0, 0, 0, 0, 0, 250.0000),
('kartiksgayatri', 896, 1, 0, 0, 0, 0, 0, 0, 0, 0, 0, 0, 50.0000),
('saiprasanna94', 896, 1, 0, 0, 0, 0, 0, 0, 0, 0, 0, 0, 50.0000),
('pudge', 627, 1, 1, 0, 0, 0, 0, 0, 0, 0, 0, 0, 80.0000),
('aru545', 898, 1, 0, 0, 0, 0, 0, 0, 0, 0, 0, 0, 50.0000),
('abhilashjn85', 502, 1, 0, 0, 1, 0, 0, 0, 0, 0, 0, 0, 100.0000),
('aakashc31', 177, 1, 1, 0, 1, 0, 0, 0, 0, 0, 0, 0, 180.0000),
('printf123', 639, 1, 1, 0, 0, 0, 0, 0, 0, 0, 0, 0, 80.0000),
('itachiuchia', 643, 1, 1, 0, 0, 0, 0, 0, 0, 0, 0, 0, 80.0000),
('amarveer', 369, 1, 1, 0, 1, 0, 0, 0, 0, 0, 0, 0, 130.0000),
('s1_73', 1001, 1, 0, 0, 0, 0, 0, 0, 0, 0, 0, 0, 50.0000),
('cerberuss', 743, 1, 1, 0, 0, 0, 0, 0, 0, 0, 0, 0, 80.0000),
('s_p_barik', 629, 1, 1, 0, 0, 0, 0, 0, 0, 0, 0, 0, 80.0000),
('ks2bmallik', 488, 1, 0, 0, 1, 0, 0, 0, 0, 0, 0, 0, 100.0000),
('avmnusng', 674, 1, 1, 0, 0, 0, 0, 0, 0, 0, 0, 0, 80.0000),
('palashagrawal', 206, 1, 1, 0, 1, 0, 0, 0, 0, 0, 0, 0, 180.0000),
('abhioshar', 313, 1, 1, 0, 1, 0, 0, 0, 0, 0, 0, 0, 130.0000),
('himanshusahu06', 899, 1, 0, 0, 0, 0, 0, 0, 0, 0, 0, 0, 50.0000),
('tomarasha', 900, 1, 0, 0, 0, 0, 0, 0, 0, 0, 0, 0, 50.0000),
('nayanbanzal', 901, 1, 0, 0, 0, 0, 0, 0, 0, 0, 0, 0, 50.0000),
('san_1512', 614, 1, 1, 0, 0, 0, 0, 0, 0, 0, 0, 0, 80.0000),
('anil_4392', 312, 1, 1, 0, 1, 0, 0, 0, 0, 0, 0, 0, 130.0000),
('deepak1834', 365, 1, 1, 0, 0, 0, 0, 0, 0, 0, 0, 0, 130.0000),
('sukh23', 300, 1, 1, 0, 1, 0, 0, 0, 0, 0, 0, 0, 130.0000),
('sutkebablu', 902, 1, 0, 0, 0, 0, 0, 0, 0, 0, 0, 0, 50.0000),
('royalharsh95', 903, 1, 0, 0, 0, 0, 0, 0, 0, 0, 0, 0, 50.0000),
('vinitpayal', 406, 1, 1, 0, 1, 0, 0, 0, 0, 0, 0, 0, 130.0000),
('kritika_ria', 904, 1, 0, 0, 0, 0, 0, 0, 0, 0, 0, 0, 50.0000),
('haramkhor', 904, 1, 0, 0, 0, 0, 0, 0, 0, 0, 0, 0, 50.0000),
('showkat2203', 906, 1, 0, 0, 0, 0, 0, 0, 0, 0, 0, 0, 50.0000),
('whatasham', 673, 1, 1, 0, 0, 0, 0, 0, 0, 0, 0, 0, 80.0000),
('pujan003', 129, 1, 1, 0, 0, 0, 0, 0, 0, 0, 0, 0, 200.0000),
('pranjalr34', 907, 1, 0, 0, 0, 0, 0, 0, 0, 0, 0, 0, 50.0000),
('ankit2204', 660, 1, 1, 0, 0, 0, 0, 0, 0, 0, 0, 0, 80.0000),
('edorado93', 328, 1, 1, 0, 0, 0, 0, 0, 0, 0, 0, 0, 130.0000),
('aj5774', 240, 1, 0, 0, 1, 0, 0, 0, 0, 0, 0, 0, 150.0000),
('u1m_6', 713, 1, 1, 0, 0, 0, 0, 0, 0, 0, 0, 0, 80.0000),
('akhare', 136, 1, 1, 0, 1, 0, 0, 0, 0, 0, 0, 0, 200.0000),
('mayank95', 708, 1, 1, 0, 0, 0, 0, 0, 0, 0, 0, 0, 80.0000),
('paulami17ray94', 908, 1, 0, 0, 0, 0, 0, 0, 0, 0, 0, 0, 50.0000),
('dharmesh310', 316, 1, 1, 0, 1, 0, 0, 0, 0, 0, 0, 0, 130.0000),
('hemu_inakollu', 909, 1, 0, 0, 0, 0, 0, 0, 0, 0, 0, 0, 50.0000),
('shashank_2507', 528, 1, 0, 0, 0, 0, 0, 0, 0, 0, 0, 0, 100.0000),
('anujpradhaan', 910, 1, 0, 0, 0, 0, 0, 0, 0, 0, 0, 0, 50.0000),
('gkcs', 92, 1, 1, 0, 1, 0, 0, 0, 0, 0, 0, 0, 230.0000),
('navin1kumar5', 911, 1, 0, 0, 0, 0, 0, 0, 0, 0, 0, 0, 50.0000),
('johncarter', 451, 1, 0, 0, 0, 0, 0, 0, 0, 0, 0, 0, 100.0000),
('indiandexter', 912, 1, 0, 0, 0, 0, 0, 0, 0, 0, 0, 0, 50.0000),
('tambrahm_prog', 913, 1, 0, 0, 0, 0, 0, 0, 0, 0, 0, 0, 50.0000),
('manraj', 914, 1, 0, 0, 0, 0, 0, 0, 0, 0, 0, 0, 50.0000),
('kostka', 42, 1, 1, 1, 1, 0, 0, 0, 0, 0, 0, 0, 310.0000),
('nessler23', 249, 1, 0, 0, 1, 0, 0, 0, 0, 0, 0, 0, 150.0000),
('pavan512', 915, 1, 0, 0, 0, 0, 0, 0, 0, 0, 0, 0, 50.0000),
('shahjenil', 916, 1, 0, 0, 0, 0, 0, 0, 0, 0, 0, 0, 50.0000),
('raj_kamal123', 510, 1, 0, 0, 0, 0, 0, 0, 0, 0, 0, 0, 100.0000),
('sin22alpha', 573, 1, 0, 0, 0, 0, 0, 0, 0, 0, 0, 0, 100.0000),
('toni', 917, 1, 0, 0, 0, 0, 0, 0, 0, 0, 0, 0, 50.0000),
('sameer1994', 380, 1, 1, 0, 1, 0, 0, 0, 0, 0, 0, 0, 130.0000),
('laksh007', 918, 1, 0, 0, 0, 0, 0, 0, 0, 0, 0, 0, 50.0000),
('michelangelo', 351, 1, 1, 0, 1, 0, 0, 0, 0, 0, 0, 0, 130.0000),
('sidj242', 716, 1, 1, 0, 0, 0, 0, 0, 0, 0, 0, 0, 80.0000),
('shubhangipri', 682, 1, 1, 0, 0, 0, 0, 0, 0, 0, 0, 0, 80.0000),
('vinaykrsingh', 506, 1, 0, 0, 1, 0, 0, 0, 0, 0, 0, 0, 100.0000),
('serena9080', 919, 1, 0, 0, 0, 0, 0, 0, 0, 0, 0, 0, 50.0000),
('shubham1694', 247, 1, 1, 0, 0, 0, 0, 0, 0, 0, 0, 0, 150.0000),
('rahul27458', 438, 1, 0, 0, 0, 0, 0, 0, 0, 0, 0, 0, 100.0000),
('ganesha_vi', 920, 1, 0, 0, 0, 0, 0, 0, 0, 0, 0, 0, 50.0000),
('mira_r', 185, 1, 1, 0, 1, 0, 0, 0, 0, 0, 0, 0, 180.0000),
('mohit0513', 340, 1, 1, 0, 1, 0, 0, 0, 0, 0, 0, 0, 130.0000),
('upendra1234', 266, 1, 1, 1, 1, 0, 0, 0, 0, 0, 0, 0, 150.0000),
('vamsisangam', 501, 1, 0, 0, 0, 0, 0, 0, 0, 0, 0, 0, 100.0000),
('reena_verma', 330, 1, 1, 0, 1, 0, 0, 0, 0, 0, 0, 0, 130.0000),
('ajaypal', 758, 1, 1, 0, 0, 0, 0, 0, 0, 0, 0, 0, 80.0000),
('saurabh3240', 192, 1, 1, 0, 1, 0, 0, 0, 0, 0, 0, 0, 180.0000),
('anujs_hankar95', 1008, 1, 0, 0, 0, 0, 0, 0, 0, 0, 0, 0, 50.0000),
('lucifer666', 448, 1, 0, 0, 0, 0, 0, 0, 0, 0, 0, 0, 100.0000),
('vicky002', 1014, 1, 0, 0, 0, 0, 0, 0, 0, 0, 0, 0, 50.0000),
('sagar0430', 685, 1, 1, 0, 0, 0, 0, 0, 0, 0, 0, 0, 80.0000),
('jkasper12', 1015, 1, 0, 0, 0, 0, 0, 0, 0, 0, 0, 0, 50.0000),
('sh19910711', 496, 1, 0, 0, 0, 0, 0, 0, 0, 0, 0, 0, 100.0000),
('rsairam', 1016, 1, 0, 0, 0, 0, 0, 0, 0, 0, 0, 0, 50.0000),
('dipukumar', 1017, 1, 0, 0, 0, 0, 0, 0, 0, 0, 0, 0, 50.0000),
('farhanakram', 1021, 1, 0, 0, 0, 0, 0, 0, 0, 0, 0, 0, 50.0000),
('roster100158', 449, 1, 0, 0, 0, 0, 0, 0, 0, 0, 0, 0, 100.0000),
('singlas', 647, 1, 1, 0, 0, 0, 0, 0, 0, 0, 0, 0, 80.0000),
('vy007vikas', 99, 1, 1, 0, 1, 0, 0, 0, 0, 0, 0, 0, 230.0000),
('mattmettler', 1156, 1, 0, 0, 0, 0, 0, 0, 0, 0, 0, 0, 50.0000),
('himan2392', 650, 1, 1, 0, 0, 0, 0, 0, 0, 0, 0, 0, 80.0000),
('iit2012189', 178, 1, 1, 0, 1, 0, 0, 0, 0, 0, 0, 0, 180.0000),
('wastrel', 161, 1, 1, 1, 1, 0, 0, 0, 0, 0, 0, 0, 200.0000),
('irshsay321', 72, 1, 1, 0, 1, 0, 0, 0, 0, 0, 0, 0, 250.0000),
('abhipranay', 921, 1, 0, 0, 0, 0, 0, 0, 0, 0, 0, 0, 50.0000),
('Sabari', 347, 1, 1, 0, 1, 0, 0, 0, 0, 0, 0, 0, 130.0000),
('prakhar8795', 618, 1, 1, 0, 0, 0, 0, 0, 0, 0, 0, 0, 80.0000),
('iamprasunjoshi', 343, 1, 1, 0, 1, 0, 0, 0, 0, 0, 0, 0, 130.0000),
('bhanu870_', 599, 1, 0, 0, 1, 0, 0, 0, 0, 0, 0, 0, 100.0000),
('diptanshu', 118, 1, 1, 0, 1, 0, 0, 0, 0, 0, 0, 0, 200.0000),
('vogetihrsh', 692, 1, 1, 0, 0, 0, 0, 0, 0, 0, 0, 0, 80.0000),
('uditkumawat', 922, 1, 0, 0, 0, 0, 0, 0, 0, 0, 0, 0, 50.0000),
('alexvaleanu', 20, 1, 1, 1, 1, 0, 0, 0, 0, 0, 0, 0, 360.0000),
('ashish580839', 923, 1, 0, 0, 0, 0, 0, 0, 0, 0, 0, 0, 50.0000),
('vp_sager', 924, 1, 0, 0, 0, 0, 0, 0, 0, 0, 0, 0, 50.0000),
('jagadish025', 924, 1, 0, 0, 0, 0, 0, 0, 0, 0, 0, 0, 50.0000),
('mansimhatre', 427, 1, 1, 0, 1, 0, 0, 0, 0, 0, 0, 0, 130.0000),
('illusion_ist', 371, 1, 1, 0, 1, 0, 0, 0, 0, 0, 0, 0, 130.0000),
('gujjar', 656, 1, 1, 0, 0, 0, 0, 0, 0, 0, 0, 0, 80.0000),
('parikhbansal', 498, 1, 0, 0, 0, 0, 0, 0, 0, 0, 0, 0, 100.0000),
('ramac_1988', 246, 1, 0, 0, 1, 0, 0, 0, 0, 0, 0, 0, 150.0000),
('sarthakmunshi', 926, 1, 0, 0, 0, 0, 0, 0, 0, 0, 0, 0, 50.0000),
('max0505', 927, 1, 0, 0, 0, 0, 0, 0, 0, 0, 0, 0, 50.0000),
('ankita3095', 928, 1, 0, 0, 0, 0, 0, 0, 0, 0, 0, 0, 50.0000),
('iitrvpsingh', 929, 1, 0, 0, 0, 0, 0, 0, 0, 0, 0, 0, 50.0000),
('sach199', 616, 1, 1, 0, 0, 0, 0, 0, 0, 0, 0, 0, 80.0000),
('linked', 930, 1, 0, 0, 0, 0, 0, 0, 0, 0, 0, 0, 50.0000),
('bloodraven', 931, 1, 0, 0, 0, 0, 0, 0, 0, 0, 0, 0, 50.0000),
('divyangnadips', 932, 1, 0, 0, 0, 0, 0, 0, 0, 0, 0, 0, 50.0000),
('ytimex', 485, 1, 0, 0, 0, 0, 0, 0, 0, 0, 0, 0, 100.0000),
('kohli006', 127, 1, 1, 0, 0, 0, 0, 0, 0, 0, 0, 0, 200.0000),
('beakon1', 657, 1, 1, 0, 0, 0, 0, 0, 0, 0, 0, 0, 80.0000),
('karthickmj', 534, 1, 0, 0, 1, 0, 0, 0, 0, 0, 0, 0, 100.0000),
('sokolov', 21, 1, 1, 1, 1, 0, 0, 0, 0, 0, 0, 0, 360.0000),
('johnathan79717', 13, 1, 1, 1, 1, 0, 0, 0, 0, 0, 0, 0, 400.0000),
('win_ay', 39, 1, 1, 1, 1, 0, 0, 0, 0, 0, 0, 0, 310.0000),
('stud_ious', 22, 1, 1, 1, 1, 0, 0, 0, 0, 0, 0, 0, 360.0000),
('akshaych', 509, 1, 0, 0, 0, 0, 0, 0, 0, 0, 0, 0, 100.0000),
('my_blue_luck', 1107, 1, 0, 0, 0, 0, 0, 0, 0, 0, 0, 0, 50.0000),
('pritam_parker', 378, 1, 1, 0, 0, 0, 0, 0, 0, 0, 0, 0, 130.0000),
('code1512', 933, 1, 0, 0, 0, 0, 0, 0, 0, 0, 0, 0, 50.0000),
('anishjha025', 667, 1, 1, 0, 0, 0, 0, 0, 0, 0, 0, 0, 80.0000),
('aaditya0893', 934, 1, 0, 0, 0, 0, 0, 0, 0, 0, 0, 0, 50.0000),
('nilusilu95', 512, 1, 0, 0, 0, 0, 0, 0, 0, 0, 0, 0, 100.0000),
('onix', 935, 1, 0, 0, 0, 0, 0, 0, 0, 0, 0, 0, 50.0000),
('anantm95', 935, 1, 0, 0, 0, 0, 0, 0, 0, 0, 0, 0, 50.0000),
('vinay_s17', 937, 1, 0, 0, 0, 0, 0, 0, 0, 0, 0, 0, 50.0000),
('yoyosonu', 478, 1, 0, 0, 1, 0, 0, 0, 0, 0, 0, 0, 100.0000),
('bhushanmhatre', 654, 1, 1, 0, 0, 0, 0, 0, 0, 0, 0, 0, 80.0000),
('gauravshastri', 688, 1, 1, 0, 0, 0, 0, 0, 0, 0, 0, 0, 80.0000),
('angle_qqs', 938, 1, 0, 0, 0, 0, 0, 0, 0, 0, 0, 0, 50.0000),
('rajeshb', 103, 1, 1, 0, 1, 0, 0, 0, 0, 0, 0, 0, 210.0000),
('tamanna1_', 750, 1, 1, 0, 0, 0, 0, 0, 0, 0, 0, 0, 80.0000),
('kapil_94295', 939, 1, 0, 0, 0, 0, 0, 0, 0, 0, 0, 0, 50.0000),
('dragonemperor', 940, 1, 0, 0, 0, 0, 0, 0, 0, 0, 0, 0, 50.0000),
('insaynasasin', 941, 1, 0, 0, 0, 0, 0, 0, 0, 0, 0, 0, 50.0000),
('vivek0739', 156, 1, 1, 0, 1, 0, 0, 0, 0, 0, 0, 0, 200.0000),
('r4r313', 631, 1, 1, 0, 0, 0, 0, 0, 0, 0, 0, 0, 80.0000),
('mayank12559', 323, 1, 1, 0, 1, 0, 0, 0, 0, 0, 0, 0, 130.0000),
('praneethiitr', 26, 1, 1, 1, 1, 0, 0, 0, 0, 0, 0, 0, 350.0000),
('source', 942, 1, 0, 0, 0, 0, 0, 0, 0, 0, 0, 0, 50.0000),
('saum_28', 943, 1, 0, 0, 0, 0, 0, 0, 0, 0, 0, 0, 50.0000),
('j1a29', 689, 1, 1, 0, 0, 0, 0, 0, 0, 0, 0, 0, 80.0000),
('endlesssky04', 944, 1, 0, 0, 0, 0, 0, 0, 0, 0, 0, 0, 50.0000),
('sukruthananth', 945, 1, 0, 0, 0, 0, 0, 0, 0, 0, 0, 0, 50.0000),
('priyankpalod', 714, 1, 1, 0, 0, 0, 0, 0, 0, 0, 0, 0, 80.0000),
('pavan19', 946, 1, 0, 0, 0, 0, 0, 0, 0, 0, 0, 0, 50.0000),
('tranquil_0895', 948, 1, 0, 0, 0, 0, 0, 0, 0, 0, 0, 0, 50.0000),
('akshaygarg1995', 446, 1, 0, 0, 0, 0, 0, 0, 0, 0, 0, 0, 100.0000),
('thefarzibruno', 283, 1, 1, 0, 0, 0, 0, 0, 0, 0, 0, 0, 130.0000),
('pprat2000', 276, 1, 1, 0, 0, 0, 0, 0, 0, 0, 0, 0, 130.0000),
('crazycoder332', 949, 1, 0, 0, 0, 0, 0, 0, 0, 0, 0, 0, 50.0000),
('shivakant92', 951, 1, 0, 0, 0, 0, 0, 0, 0, 0, 0, 0, 50.0000),
('sohelcseiu', 372, 1, 1, 0, 1, 0, 0, 0, 0, 0, 0, 0, 130.0000),
('na2a', 147, 1, 1, 0, 1, 0, 0, 0, 0, 0, 0, 0, 200.0000),
('iamani', 377, 1, 1, 0, 1, 0, 0, 0, 0, 0, 0, 0, 130.0000),
('torrtuga', 952, 1, 0, 0, 0, 0, 0, 0, 0, 0, 0, 0, 50.0000),
('code@1994', 700, 1, 1, 0, 0, 0, 0, 0, 0, 0, 0, 0, 80.0000),
('vritimathur03', 953, 1, 0, 0, 0, 0, 0, 0, 0, 0, 0, 0, 50.0000),
('tricksy', 954, 1, 0, 0, 0, 0, 0, 0, 0, 0, 0, 0, 50.0000),
('black_blood', 955, 1, 0, 0, 0, 0, 0, 0, 0, 0, 0, 0, 50.0000),
('prerakd', 1036, 1, 0, 0, 0, 0, 0, 0, 0, 0, 0, 0, 50.0000),
('mist_rock', 452, 1, 0, 0, 0, 0, 0, 0, 0, 0, 0, 0, 100.0000),
('satyamcs12', 238, 1, 1, 0, 0, 0, 0, 0, 0, 0, 0, 0, 150.0000),
('satinjal', 366, 1, 1, 0, 1, 0, 0, 0, 0, 0, 0, 0, 130.0000),
('kulshrestha', 1041, 1, 0, 0, 0, 0, 0, 0, 0, 0, 0, 0, 50.0000),
('user101', 461, 1, 0, 0, 0, 0, 0, 0, 0, 0, 0, 0, 100.0000),
('bokam', 1045, 1, 0, 0, 0, 0, 0, 0, 0, 0, 0, 0, 50.0000),
('devanshguptaa', 725, 1, 1, 0, 0, 0, 0, 0, 0, 0, 0, 0, 80.0000),
('vishfrnds', 151, 1, 1, 0, 1, 0, 0, 0, 0, 0, 0, 0, 200.0000),
('greendragons', 305, 1, 1, 0, 0, 0, 0, 0, 0, 0, 0, 0, 130.0000),
('noops', 683, 1, 1, 0, 0, 0, 0, 0, 0, 0, 0, 0, 80.0000),
('abhijeet_1', 781, 1, 1, 0, 0, 0, 0, 0, 0, 0, 0, 0, 80.0000),
('saurabhrajani', 1049, 1, 0, 0, 0, 0, 0, 0, 0, 0, 0, 0, 50.0000),
('lucas21', 1114, 1, 0, 0, 0, 0, 0, 0, 0, 0, 0, 0, 50.0000),
('aksagarwal', 529, 1, 0, 0, 1, 0, 0, 0, 0, 0, 0, 0, 100.0000),
('praneethas', 1117, 1, 0, 0, 0, 0, 0, 0, 0, 0, 0, 0, 50.0000),
('atreyee_ray', 1118, 1, 0, 0, 0, 0, 0, 0, 0, 0, 0, 0, 50.0000),
('coderamit', 421, 1, 1, 0, 1, 0, 0, 0, 0, 0, 0, 0, 130.0000),
('shubham31516', 311, 1, 1, 0, 1, 0, 0, 0, 0, 0, 0, 0, 130.0000),
('alexveliki', 213, 1, 1, 0, 1, 0, 0, 0, 0, 0, 0, 0, 180.0000),
('sudhargk', 690, 1, 1, 0, 0, 0, 0, 0, 0, 0, 0, 0, 80.0000),
('shahbaz23', 393, 1, 1, 0, 1, 0, 0, 0, 0, 0, 0, 0, 130.0000),
('pseudogenius', 304, 1, 1, 0, 0, 0, 0, 0, 0, 0, 0, 0, 130.0000),
('ignited99', 455, 1, 0, 0, 0, 0, 0, 0, 0, 0, 0, 0, 100.0000),
('d3v3lop3r', 60, 1, 1, 0, 1, 0, 0, 0, 0, 0, 0, 0, 260.0000),
('pratik2125', 956, 1, 0, 0, 0, 0, 0, 0, 0, 0, 0, 0, 50.0000),
('mms_pm', 382, 1, 1, 0, 0, 0, 0, 0, 0, 0, 0, 0, 130.0000),
('eshan_jain', 318, 1, 1, 0, 0, 0, 0, 0, 0, 0, 0, 0, 130.0000),
('agrlcode', 957, 1, 0, 0, 0, 0, 0, 0, 0, 0, 0, 0, 50.0000),
('chetan_733', 958, 1, 0, 0, 0, 0, 0, 0, 0, 0, 0, 0, 50.0000),
('utkarsh13', 663, 1, 1, 0, 0, 0, 0, 0, 0, 0, 0, 0, 80.0000),
('sake007', 310, 1, 1, 0, 0, 0, 0, 0, 0, 0, 0, 0, 130.0000),
('kartikeya_21', 959, 1, 0, 0, 0, 0, 0, 0, 0, 0, 0, 0, 50.0000),
('gorv', 303, 1, 1, 0, 1, 0, 0, 0, 0, 0, 0, 0, 130.0000),
('javac_amit', 441, 1, 0, 0, 0, 0, 0, 0, 0, 0, 0, 0, 100.0000),
('dutta42120201', 712, 1, 1, 0, 0, 0, 0, 0, 0, 0, 0, 0, 80.0000),
('amal1293', 960, 1, 0, 0, 0, 0, 0, 0, 0, 0, 0, 0, 50.0000),
('dassu', 961, 1, 0, 0, 0, 0, 0, 0, 0, 0, 0, 0, 50.0000),
('s1g13', 962, 1, 0, 0, 0, 0, 0, 0, 0, 0, 0, 0, 50.0000),
('amolfound', 963, 1, 0, 0, 0, 0, 0, 0, 0, 0, 0, 0, 50.0000),
('smritiagr_93', 678, 1, 1, 0, 0, 0, 0, 0, 0, 0, 0, 0, 80.0000),
('hellboy_86', 230, 1, 1, 0, 0, 0, 0, 0, 0, 0, 0, 0, 160.0000),
('sergio10barca', 36, 1, 1, 1, 1, 0, 0, 0, 0, 0, 0, 0, 310.0000),
('miiitd6961827', 333, 1, 1, 0, 1, 0, 0, 0, 0, 0, 0, 0, 130.0000),
('polingy', 297, 1, 1, 0, 0, 0, 0, 0, 0, 0, 0, 0, 130.0000),
('pallavi0506', 590, 1, 0, 0, 1, 0, 0, 0, 0, 0, 0, 0, 100.0000),
('osid', 387, 1, 1, 0, 1, 0, 0, 0, 0, 0, 0, 0, 130.0000),
('tejasowski', 632, 1, 1, 0, 0, 0, 0, 0, 0, 0, 0, 0, 80.0000),
('subhamlfc', 34, 1, 1, 1, 1, 0, 0, 0, 0, 0, 0, 0, 310.0000),
('shyamgrover', 964, 1, 0, 0, 0, 0, 0, 0, 0, 0, 0, 0, 50.0000),
('ankit004', 965, 1, 0, 0, 0, 0, 0, 0, 0, 0, 0, 0, 50.0000),
('ask1', 1053, 1, 0, 0, 0, 0, 0, 0, 0, 0, 0, 0, 50.0000),
('rokimkar', 586, 1, 0, 0, 1, 0, 0, 0, 0, 0, 0, 0, 100.0000),
('cod3_driller', 453, 1, 0, 0, 0, 0, 0, 0, 0, 0, 0, 0, 100.0000),
('kitti', 729, 1, 1, 0, 0, 0, 0, 0, 0, 0, 0, 0, 80.0000),
('jainadi011', 357, 1, 1, 0, 0, 0, 0, 0, 0, 0, 0, 0, 130.0000),
('dabuu', 1187, 1, 0, 0, 0, 0, 0, 0, 0, 0, 0, 0, 50.0000),
('captn3mo', 746, 1, 1, 0, 0, 0, 0, 0, 0, 0, 0, 0, 80.0000),
('sp1rs', 210, 1, 1, 0, 1, 0, 0, 0, 0, 0, 0, 0, 180.0000),
('prudvinit', 492, 1, 0, 0, 1, 0, 0, 0, 0, 0, 0, 0, 100.0000),
('s29011996', 966, 1, 0, 0, 0, 0, 0, 0, 0, 0, 0, 0, 50.0000),
('armaanjk', 967, 1, 0, 0, 0, 0, 0, 0, 0, 0, 0, 0, 50.0000),
('zorphash', 789, 1, 1, 0, 0, 0, 0, 0, 0, 0, 0, 0, 80.0000),
('paras885', 114, 1, 1, 0, 0, 0, 0, 0, 0, 0, 0, 0, 200.0000),
('piyush4793', 968, 1, 0, 0, 0, 0, 0, 0, 0, 0, 0, 0, 50.0000),
('himrajthecop', 969, 1, 0, 0, 0, 0, 0, 0, 0, 0, 0, 0, 50.0000),
('xer0k00l', 970, 1, 0, 0, 0, 0, 0, 0, 0, 0, 0, 0, 50.0000),
('arundh93', 971, 1, 0, 0, 0, 0, 0, 0, 0, 0, 0, 0, 50.0000),
('toi333', 138, 1, 1, 0, 0, 0, 0, 0, 0, 0, 0, 0, 200.0000),
('pushpendragold', 558, 1, 0, 0, 1, 0, 0, 0, 0, 0, 0, 0, 100.0000),
('jat_in_codes', 737, 1, 1, 0, 0, 0, 0, 0, 0, 0, 0, 0, 80.0000),
('vigneshprasad', 319, 1, 1, 0, 1, 0, 0, 0, 0, 0, 0, 0, 130.0000),
('jaggery', 677, 1, 1, 0, 0, 0, 0, 0, 0, 0, 0, 0, 80.0000),
('nash171', 74, 1, 1, 0, 1, 0, 0, 0, 0, 0, 0, 0, 250.0000),
('nicks_95', 739, 1, 1, 0, 0, 0, 0, 0, 0, 0, 0, 0, 80.0000),
('tarbuslahd', 642, 1, 1, 0, 0, 0, 0, 0, 0, 0, 0, 0, 80.0000),
('o007', 513, 1, 0, 0, 0, 0, 0, 0, 0, 0, 0, 0, 100.0000),
('prakhar2082', 702, 1, 1, 0, 0, 0, 0, 0, 0, 0, 0, 0, 80.0000),
('sandeep9', 562, 1, 0, 0, 0, 0, 0, 0, 0, 0, 0, 0, 100.0000),
('thealphaking01', 214, 1, 1, 0, 1, 0, 0, 0, 0, 0, 0, 0, 180.0000),
('triploblastic', 245, 1, 1, 0, 0, 0, 0, 0, 0, 0, 0, 0, 150.0000),
('ratulghatak', 49, 1, 1, 1, 0, 0, 0, 0, 0, 0, 0, 0, 300.0000),
('jkalways94', 972, 1, 0, 0, 0, 0, 0, 0, 0, 0, 0, 0, 50.0000),
('ankita1967', 973, 1, 0, 0, 0, 0, 0, 0, 0, 0, 0, 0, 50.0000),
('akshay_goel', 974, 1, 0, 0, 0, 0, 0, 0, 0, 0, 0, 0, 50.0000),
('anshumanmishra', 370, 1, 1, 0, 1, 0, 0, 0, 0, 0, 0, 0, 130.0000),
('ptk23', 975, 1, 0, 0, 0, 0, 0, 0, 0, 0, 0, 0, 50.0000),
('tanaymathur4', 409, 1, 1, 0, 1, 0, 0, 0, 0, 0, 0, 0, 130.0000),
('anton_chernev', 75, 1, 1, 0, 1, 0, 0, 0, 0, 0, 0, 0, 250.0000),
('mayank1994', 1065, 1, 0, 0, 0, 0, 0, 0, 0, 0, 0, 0, 50.0000),
('ani25', 195, 1, 1, 0, 1, 0, 0, 0, 0, 0, 0, 0, 180.0000),
('diamondhead', 1069, 1, 0, 0, 0, 0, 0, 0, 0, 0, 0, 0, 50.0000),
('tariksahni', 458, 1, 0, 0, 0, 0, 0, 0, 0, 0, 0, 0, 100.0000),
('karthikkamal', 1070, 1, 0, 0, 0, 0, 0, 0, 0, 0, 0, 0, 50.0000),
('krishnameena', 1071, 1, 0, 0, 0, 0, 0, 0, 0, 0, 0, 0, 50.0000),
('jacky860226', 469, 1, 0, 0, 0, 0, 0, 0, 0, 0, 0, 0, 100.0000),
('nik_gupta09', 1072, 1, 0, 0, 0, 0, 0, 0, 0, 0, 0, 0, 50.0000),
('coding_express', 1127, 1, 0, 0, 0, 0, 0, 0, 0, 0, 0, 0, 50.0000),
('anshu007', 1132, 1, 0, 0, 0, 0, 0, 0, 0, 0, 0, 0, 50.0000),
('iceflame007', 364, 1, 1, 0, 1, 0, 0, 0, 0, 0, 0, 0, 130.0000),
('tihcar', 976, 1, 0, 0, 0, 0, 0, 0, 0, 0, 0, 0, 50.0000),
('sahiltaneja15', 977, 1, 0, 0, 0, 0, 0, 0, 0, 0, 0, 0, 50.0000),
('nobeita', 979, 1, 0, 0, 0, 0, 0, 0, 0, 0, 0, 0, 50.0000),
('mnciitbhu', 980, 1, 0, 0, 0, 0, 0, 0, 0, 0, 0, 0, 50.0000),
('contesant', 12, 1, 1, 1, 1, 0, 0, 0, 0, 0, 0, 0, 400.0000),
('arpitsolanki14', 981, 1, 0, 0, 0, 0, 0, 0, 0, 0, 0, 0, 50.0000),
('codemastera001', 982, 1, 0, 0, 0, 0, 0, 0, 0, 0, 0, 0, 50.0000),
('amar96', 983, 1, 0, 0, 0, 0, 0, 0, 0, 0, 0, 0, 50.0000),
('codename007', 984, 1, 0, 0, 0, 0, 0, 0, 0, 0, 0, 0, 50.0000),
('satendrak393', 985, 1, 0, 0, 0, 0, 0, 0, 0, 0, 0, 0, 50.0000),
('flamealchemist', 116, 1, 1, 0, 0, 0, 0, 0, 0, 0, 0, 0, 200.0000),
('abhi_kz4', 352, 1, 1, 0, 1, 0, 0, 0, 0, 0, 0, 0, 130.0000),
('suren99', 986, 1, 0, 0, 0, 0, 0, 0, 0, 0, 0, 0, 50.0000),
('davidjerb', 987, 1, 0, 0, 0, 0, 0, 0, 0, 0, 0, 0, 50.0000),
('raoamit', 354, 1, 1, 0, 1, 0, 0, 0, 0, 0, 0, 0, 130.0000),
('vishalkarve15', 497, 1, 0, 0, 0, 0, 0, 0, 0, 0, 0, 0, 100.0000),
('shubham_u', 355, 1, 1, 0, 1, 0, 0, 0, 0, 0, 0, 0, 130.0000),
('tapan0007', 443, 1, 0, 0, 0, 0, 0, 0, 0, 0, 0, 0, 100.0000),
('chmffwn1', 85, 1, 1, 0, 1, 0, 0, 0, 0, 0, 0, 0, 250.0000),
('gudujain', 988, 1, 0, 0, 0, 0, 0, 0, 0, 0, 0, 0, 50.0000),
('abhishek_sen', 334, 1, 1, 0, 0, 0, 0, 0, 0, 0, 0, 0, 130.0000),
('praby', 989, 1, 0, 0, 0, 0, 0, 0, 0, 0, 0, 0, 50.0000),
('amanmj', 359, 1, 1, 0, 1, 0, 0, 0, 0, 0, 0, 0, 130.0000),
('aayushagarwal', 119, 1, 1, 0, 0, 0, 0, 0, 0, 0, 0, 0, 200.0000),
('shreyas_ragit', 990, 1, 0, 0, 0, 0, 0, 0, 0, 0, 0, 0, 50.0000),
('fazlu', 1074, 1, 0, 0, 0, 0, 0, 0, 0, 0, 0, 0, 50.0000),
('rishubgarg', 292, 1, 1, 0, 0, 0, 0, 0, 0, 0, 0, 0, 130.0000),
('kavyanr', 565, 1, 0, 0, 1, 0, 0, 0, 0, 0, 0, 0, 100.0000),
('shockproof', 69, 1, 1, 0, 1, 0, 0, 0, 0, 0, 0, 0, 250.0000),
('napster_007', 589, 1, 0, 0, 1, 0, 0, 0, 0, 0, 0, 0, 100.0000),
('rackstar', 753, 1, 1, 0, 0, 0, 0, 0, 0, 0, 0, 0, 80.0000),
('aj_21', 545, 1, 0, 0, 0, 0, 0, 0, 0, 0, 0, 0, 100.0000),
('rahulverma95', 1078, 1, 0, 0, 0, 0, 0, 0, 0, 0, 0, 0, 50.0000),
('saishreya', 1080, 1, 0, 0, 0, 0, 0, 0, 0, 0, 0, 0, 50.0000),
('raja44ever', 474, 1, 0, 0, 0, 0, 0, 0, 0, 0, 0, 0, 100.0000),
('iitrsachinks', 1138, 1, 0, 0, 0, 0, 0, 0, 0, 0, 0, 0, 50.0000),
('karthikselva', 405, 1, 1, 0, 1, 0, 0, 0, 0, 0, 0, 0, 130.0000),
('bakshinder', 187, 1, 1, 0, 1, 0, 0, 0, 0, 0, 0, 0, 180.0000),
('cruiser_sourav', 1212, 1, 0, 0, 0, 0, 0, 0, 0, 0, 0, 0, 50.0000),
('hell_knight', 326, 1, 1, 0, 1, 0, 0, 0, 0, 0, 0, 0, 130.0000),
('kzanmo', 681, 1, 1, 0, 0, 0, 0, 0, 0, 0, 0, 0, 80.0000),
('elita', 992, 1, 0, 0, 0, 0, 0, 0, 0, 0, 0, 0, 50.0000),
('cg109md_1193', 670, 1, 1, 0, 0, 0, 0, 0, 0, 0, 0, 0, 80.0000),
('diptej', 993, 1, 0, 0, 0, 0, 0, 0, 0, 0, 0, 0, 50.0000),
('tyagi_42011', 115, 1, 1, 0, 0, 0, 0, 0, 0, 0, 0, 0, 200.0000),
('bharatverma', 994, 1, 0, 0, 0, 0, 0, 0, 0, 0, 0, 0, 50.0000),
('droftware', 728, 1, 1, 0, 0, 0, 0, 0, 0, 0, 0, 0, 80.0000),
('meashish', 329, 1, 1, 0, 1, 0, 0, 0, 0, 0, 0, 0, 130.0000),
('flashfire', 445, 1, 0, 0, 0, 0, 0, 0, 0, 0, 0, 0, 100.0000),
('greetrix', 699, 1, 1, 0, 0, 0, 0, 0, 0, 0, 0, 0, 80.0000),
('rajeshgmax', 570, 1, 0, 0, 0, 0, 0, 0, 0, 0, 0, 0, 100.0000),
('ankit_code', 143, 1, 1, 0, 1, 0, 0, 0, 0, 0, 0, 0, 200.0000),
('chinmay_dd', 995, 1, 0, 0, 0, 0, 0, 0, 0, 0, 0, 0, 50.0000),
('anurag1sricity', 996, 1, 0, 0, 0, 0, 0, 0, 0, 0, 0, 0, 50.0000),
('shukla_iitkgp', 655, 1, 1, 0, 0, 0, 0, 0, 0, 0, 0, 0, 80.0000),
('aman11dhanpat', 668, 1, 1, 0, 0, 0, 0, 0, 0, 0, 0, 0, 80.0000),
('krish_leo', 734, 1, 1, 0, 0, 0, 0, 0, 0, 0, 0, 0, 80.0000),
('amrit88', 997, 1, 0, 0, 0, 0, 0, 0, 0, 0, 0, 0, 50.0000),
('rahul_7', 998, 1, 0, 0, 0, 0, 0, 0, 0, 0, 0, 0, 50.0000),
('aniket0310', 999, 1, 0, 0, 0, 0, 0, 0, 0, 0, 0, 0, 50.0000),
('rakesh5208', 1000, 1, 0, 0, 0, 0, 0, 0, 0, 0, 0, 0, 50.0000),
('sourabh07', 1002, 1, 0, 0, 0, 0, 0, 0, 0, 0, 0, 0, 50.0000),
('amntri', 71, 1, 1, 0, 1, 0, 0, 0, 0, 0, 0, 0, 250.0000),
('kushkumar', 644, 1, 1, 0, 0, 0, 0, 0, 0, 0, 0, 0, 80.0000),
('shubh_jain', 468, 1, 0, 0, 0, 0, 0, 0, 0, 0, 0, 0, 100.0000),
('rrajeev', 1003, 1, 0, 0, 0, 0, 0, 0, 0, 0, 0, 0, 50.0000),
('warlock_ankur', 132, 1, 1, 0, 0, 0, 0, 0, 0, 0, 0, 0, 200.0000),
('anupam_kumar08', 1004, 1, 0, 0, 0, 0, 0, 0, 0, 0, 0, 0, 50.0000),
('katul9559', 237, 0, 1, 0, 1, 0, 0, 0, 0, 0, 0, 0, 150.0000),
('taekit', 117, 1, 1, 0, 0, 0, 0, 0, 0, 0, 0, 0, 200.0000),
('surajjumpy', 236, 1, 1, 0, 0, 0, 0, 0, 0, 0, 0, 0, 150.0000),
('gandu420', 454, 1, 0, 0, 0, 0, 0, 0, 0, 0, 0, 0, 100.0000),
('codecracker4', 1005, 1, 0, 0, 0, 0, 0, 0, 0, 0, 0, 0, 50.0000),
('khaled1kee3', 736, 1, 1, 0, 0, 0, 0, 0, 0, 0, 0, 0, 80.0000),
('yetesh_ch', 464, 1, 0, 0, 0, 0, 0, 0, 0, 0, 0, 0, 100.0000),
('root8950', 787, 1, 1, 0, 0, 0, 0, 0, 0, 0, 0, 0, 80.0000);
INSERT INTO `LTIME14` (`handle`, `rank`, `ques1`, `ques2`, `ques3`, `ques4`, `ques5`, `ques6`, `ques7`, `ques8`, `ques9`, `ques10`, `ques11`, `score`) VALUES
('kinshukkashyap', 1084, 1, 0, 0, 0, 0, 0, 0, 0, 0, 0, 0, 50.0000),
('aj5kgp2015', 350, 1, 1, 0, 0, 0, 0, 0, 0, 0, 0, 0, 130.0000),
('shubhamjha23', 256, 1, 0, 0, 1, 0, 0, 0, 0, 0, 0, 0, 150.0000),
('sharmaavadhesh', 1006, 1, 0, 0, 0, 0, 0, 0, 0, 0, 0, 0, 50.0000),
('shashwat_01', 447, 1, 0, 0, 0, 0, 0, 0, 0, 0, 0, 0, 100.0000),
('sureshelex', 711, 1, 1, 0, 0, 0, 0, 0, 0, 0, 0, 0, 80.0000),
('codecrawler', 1007, 1, 0, 0, 0, 0, 0, 0, 0, 0, 0, 0, 50.0000),
('mohit5it9', 1009, 1, 0, 0, 0, 0, 0, 0, 0, 0, 0, 0, 50.0000),
('nabila_ahmed', 1009, 1, 0, 0, 0, 0, 0, 0, 0, 0, 0, 0, 50.0000),
('hks73', 1011, 1, 0, 0, 0, 0, 0, 0, 0, 0, 0, 0, 50.0000),
('wannabehacker', 1012, 1, 0, 0, 0, 0, 0, 0, 0, 0, 0, 0, 50.0000),
('arindam168', 675, 1, 1, 0, 0, 0, 0, 0, 0, 0, 0, 0, 80.0000),
('jimmy71193', 1013, 1, 0, 0, 0, 0, 0, 0, 0, 0, 0, 0, 50.0000),
('rohithy1y2_9', 368, 1, 1, 0, 1, 0, 0, 0, 0, 0, 0, 0, 130.0000),
('sumukharm', 651, 1, 1, 0, 0, 0, 0, 0, 0, 0, 0, 0, 80.0000),
('mudit0201', 201, 1, 1, 0, 1, 0, 0, 0, 0, 0, 0, 0, 180.0000),
('tdk93', 810, 1, 0, 1, 0, 0, 0, 0, 0, 0, 0, 0, 70.0000),
('aditya1993', 120, 1, 1, 0, 0, 0, 0, 0, 0, 0, 0, 0, 200.0000),
('s512', 293, 1, 1, 0, 0, 0, 0, 0, 0, 0, 0, 0, 130.0000),
('meghajain', 1018, 1, 0, 0, 0, 0, 0, 0, 0, 0, 0, 0, 50.0000),
('BEN10000', 1019, 1, 0, 0, 0, 0, 0, 0, 0, 0, 0, 0, 50.0000),
('kc19', 1020, 1, 0, 0, 0, 0, 0, 0, 0, 0, 0, 0, 50.0000),
('harsh_super123', 567, 1, 0, 0, 0, 0, 0, 0, 0, 0, 0, 0, 100.0000),
('soniiitkgp', 732, 1, 1, 0, 0, 0, 0, 0, 0, 0, 0, 0, 80.0000),
('coderakki', 1022, 1, 0, 0, 0, 0, 0, 0, 0, 0, 0, 0, 50.0000),
('krishna4206', 1023, 1, 0, 0, 0, 0, 0, 0, 0, 0, 0, 0, 50.0000),
('priyank_karia', 788, 1, 1, 0, 0, 0, 0, 0, 0, 0, 0, 0, 80.0000),
('kasparov', 645, 1, 1, 0, 0, 0, 0, 0, 0, 0, 0, 0, 80.0000),
('sudarshanabcd', 1024, 1, 0, 0, 0, 0, 0, 0, 0, 0, 0, 0, 50.0000),
('hawk_eye', 1025, 1, 0, 0, 0, 0, 0, 0, 0, 0, 0, 0, 50.0000),
('aadil_ahmad', 1026, 1, 0, 0, 0, 0, 0, 0, 0, 0, 0, 0, 50.0000),
('shubhtrig', 450, 1, 0, 0, 0, 0, 0, 0, 0, 0, 0, 0, 100.0000),
('iamlegend', 1027, 1, 0, 0, 0, 0, 0, 0, 0, 0, 0, 0, 50.0000),
('nikhil_knit', 1091, 1, 0, 0, 0, 0, 0, 0, 0, 0, 0, 0, 50.0000),
('shivam_dev1', 1093, 1, 0, 0, 0, 0, 0, 0, 0, 0, 0, 0, 50.0000),
('kartik_kr', 710, 1, 1, 0, 0, 0, 0, 0, 0, 0, 0, 0, 80.0000),
('disisanshu', 1094, 1, 0, 0, 0, 0, 0, 0, 0, 0, 0, 0, 50.0000),
('govindpatel', 1096, 1, 0, 0, 0, 0, 0, 0, 0, 0, 0, 0, 50.0000),
('viky001', 1103, 1, 0, 0, 0, 0, 0, 0, 0, 0, 0, 0, 50.0000),
('kamentk', 676, 1, 1, 0, 0, 0, 0, 0, 0, 0, 0, 0, 80.0000),
('pranjal15', 722, 1, 1, 0, 0, 0, 0, 0, 0, 0, 0, 0, 80.0000),
('avnkailash', 1158, 1, 0, 0, 0, 0, 0, 0, 0, 0, 0, 0, 50.0000),
('desktop', 202, 1, 1, 0, 1, 0, 0, 0, 0, 0, 0, 0, 180.0000),
('jaipal_543', 1162, 1, 0, 0, 0, 0, 0, 0, 0, 0, 0, 0, 50.0000),
('rusualexei', 89, 1, 1, 1, 1, 0, 0, 0, 0, 0, 0, 0, 240.0000),
('aragar', 125, 1, 1, 0, 0, 0, 0, 0, 0, 0, 0, 0, 200.0000),
('smsampark', 228, 1, 1, 0, 0, 0, 0, 0, 0, 0, 0, 0, 160.0000),
('saurav09', 1028, 1, 0, 0, 0, 0, 0, 0, 0, 0, 0, 0, 50.0000),
('thunderhawk', 1029, 1, 0, 0, 0, 0, 0, 0, 0, 0, 0, 0, 50.0000),
('kaushal67', 727, 1, 1, 0, 0, 0, 0, 0, 0, 0, 0, 0, 80.0000),
('kaushikggg', 694, 1, 1, 0, 0, 0, 0, 0, 0, 0, 0, 0, 80.0000),
('sujaykr_2012', 661, 1, 1, 0, 0, 0, 0, 0, 0, 0, 0, 0, 80.0000),
('coderaj', 1030, 1, 0, 0, 0, 0, 0, 0, 0, 0, 0, 0, 50.0000),
('rohit21122012', 342, 1, 1, 0, 1, 0, 0, 0, 0, 0, 0, 0, 130.0000),
('aloo', 1032, 1, 0, 0, 0, 0, 0, 0, 0, 0, 0, 0, 50.0000),
('achalarya25', 1033, 1, 0, 0, 0, 0, 0, 0, 0, 0, 0, 0, 50.0000),
('kepler', 549, 1, 0, 0, 1, 0, 0, 0, 0, 0, 0, 0, 100.0000),
('zhengweijian', 271, 1, 1, 1, 1, 0, 0, 0, 0, 0, 0, 0, 150.0000),
('guptash', 280, 1, 1, 0, 0, 0, 0, 0, 0, 0, 0, 0, 130.0000),
('only_love97', 1034, 1, 0, 0, 0, 0, 0, 0, 0, 0, 0, 0, 50.0000),
('coding_maniac', 317, 1, 1, 0, 0, 0, 0, 0, 0, 0, 0, 0, 130.0000),
('kunal_rocks', 1035, 1, 0, 0, 0, 0, 0, 0, 0, 0, 0, 0, 50.0000),
('shura', 669, 1, 1, 0, 0, 0, 0, 0, 0, 0, 0, 0, 80.0000),
('wo__', 48, 1, 1, 1, 0, 0, 0, 0, 0, 0, 0, 0, 300.0000),
('himanshuiit', 1037, 1, 0, 0, 0, 0, 0, 0, 0, 0, 0, 0, 50.0000),
('rohan94', 1038, 1, 0, 0, 0, 0, 0, 0, 0, 0, 0, 0, 50.0000),
('codemaniac', 1039, 1, 0, 0, 0, 0, 0, 0, 0, 0, 0, 0, 50.0000),
('sikander_nsit', 123, 1, 1, 0, 0, 0, 0, 0, 0, 0, 0, 0, 200.0000),
('triveni', 102, 1, 1, 1, 0, 0, 0, 0, 0, 0, 0, 0, 220.0000),
('raviranjan0308', 1040, 1, 0, 0, 0, 0, 0, 0, 0, 0, 0, 0, 50.0000),
('sanket_b96', 424, 1, 1, 0, 1, 0, 0, 0, 0, 0, 0, 0, 130.0000),
('drsr', 764, 1, 1, 0, 0, 0, 0, 0, 0, 0, 0, 0, 80.0000),
('jerrygoyal', 348, 1, 1, 0, 0, 0, 0, 0, 0, 0, 0, 0, 130.0000),
('hitesh7595', 1108, 1, 0, 0, 0, 0, 0, 0, 0, 0, 0, 0, 50.0000),
('h1t35h', 1110, 1, 0, 0, 0, 0, 0, 0, 0, 0, 0, 0, 50.0000),
('th000', 164, 1, 1, 1, 1, 0, 0, 0, 0, 0, 0, 0, 200.0000),
('centralspike', 1113, 1, 0, 0, 0, 0, 0, 0, 0, 0, 0, 0, 50.0000),
('zeulb', 14, 1, 1, 1, 1, 0, 0, 0, 0, 0, 0, 0, 400.0000),
('shivangi_d', 744, 1, 1, 0, 0, 0, 0, 0, 0, 0, 0, 0, 80.0000),
('mohd_arif', 1172, 1, 0, 0, 0, 0, 0, 0, 0, 0, 0, 0, 50.0000),
('xra89', 1243, 1, 0, 0, 0, 0, 0, 0, 0, 0, 0, 0, 50.0000),
('lordhellraiser', 1244, 1, 0, 0, 0, 0, 0, 0, 0, 0, 0, 0, 50.0000),
('priyanja', 1288, 1, 0, 0, 0, 0, 0, 0, 0, 0, 0, 0, 50.0000),
('someone123', 219, 1, 1, 0, 1, 0, 0, 0, 0, 0, 0, 0, 180.0000),
('theab', 183, 1, 1, 0, 1, 0, 0, 0, 0, 0, 0, 0, 180.0000),
('kape46h8_1', 1042, 1, 0, 0, 0, 0, 0, 0, 0, 0, 0, 0, 50.0000),
('roy_soumya', 666, 1, 1, 0, 0, 0, 0, 0, 0, 0, 0, 0, 80.0000),
('fahim_xubayer', 76, 1, 1, 0, 1, 0, 0, 0, 0, 0, 0, 0, 250.0000),
('sexybitch', 1044, 1, 0, 0, 0, 0, 0, 0, 0, 0, 0, 0, 50.0000),
('rmumi', 38, 1, 1, 1, 1, 0, 0, 0, 0, 0, 0, 0, 310.0000),
('pooja10795', 679, 1, 1, 0, 0, 0, 0, 0, 0, 0, 0, 0, 80.0000),
('rajeshtiwari', 1046, 1, 0, 0, 0, 0, 0, 0, 0, 0, 0, 0, 50.0000),
('anoopsamdani', 1047, 1, 0, 0, 0, 0, 0, 0, 0, 0, 0, 0, 50.0000),
('sidshikhar', 361, 1, 1, 0, 1, 0, 0, 0, 0, 0, 0, 0, 130.0000),
('avneet', 470, 1, 0, 0, 0, 0, 0, 0, 0, 0, 0, 0, 100.0000),
('praneeth08599', 1048, 1, 0, 0, 0, 0, 0, 0, 0, 0, 0, 0, 50.0000),
('srp_daiict', 1050, 1, 0, 0, 0, 0, 0, 0, 0, 0, 0, 0, 50.0000),
('navneet1v2313', 1051, 1, 0, 0, 0, 0, 0, 0, 0, 0, 0, 0, 50.0000),
('venukant', 188, 1, 1, 0, 1, 0, 0, 0, 0, 0, 0, 0, 180.0000),
('rajes42', 693, 1, 1, 0, 0, 0, 0, 0, 0, 0, 0, 0, 80.0000),
('nbeginner', 1052, 1, 0, 0, 0, 0, 0, 0, 0, 0, 0, 0, 50.0000),
('shlk21', 684, 1, 1, 0, 0, 0, 0, 0, 0, 0, 0, 0, 80.0000),
('mundanebike', 754, 1, 1, 0, 0, 0, 0, 0, 0, 0, 0, 0, 80.0000),
('daljeet044', 687, 1, 1, 0, 0, 0, 0, 0, 0, 0, 0, 0, 80.0000),
('arjun045', 1120, 1, 0, 0, 0, 0, 0, 0, 0, 0, 0, 0, 50.0000),
('gowtham231942', 527, 1, 0, 0, 1, 0, 0, 0, 0, 0, 0, 0, 100.0000),
('iamnewbie', 495, 1, 0, 0, 0, 0, 0, 0, 0, 0, 0, 0, 100.0000),
('ksstar4ever', 1178, 1, 0, 0, 0, 0, 0, 0, 0, 0, 0, 0, 50.0000),
('gustav', 23, 1, 1, 1, 1, 0, 0, 0, 0, 0, 0, 0, 360.0000),
('yadavmanish', 770, 1, 1, 0, 0, 0, 0, 0, 0, 0, 0, 0, 80.0000),
('kullumanali99', 259, 1, 0, 0, 1, 0, 0, 0, 0, 0, 0, 0, 150.0000),
('hereforbeer', 1054, 1, 0, 0, 0, 0, 0, 0, 0, 0, 0, 0, 50.0000),
('rupesh92', 244, 1, 1, 0, 0, 0, 0, 0, 0, 0, 0, 0, 150.0000),
('hunnybunny', 1055, 1, 0, 0, 0, 0, 0, 0, 0, 0, 0, 0, 50.0000),
('Billy', 1056, 1, 0, 0, 0, 0, 0, 0, 0, 0, 0, 0, 50.0000),
('shivvu', 1057, 1, 0, 0, 0, 0, 0, 0, 0, 0, 0, 0, 50.0000),
('vedansh', 1058, 0, 0, 0, 1, 0, 0, 0, 0, 0, 0, 0, 50.0000),
('maddie_black', 1429, 0, 1, 0, 0, 0, 0, 0, 0, 0, 0, 0, 30.0000),
('cvv1993', 718, 1, 1, 0, 0, 0, 0, 0, 0, 0, 0, 0, 80.0000),
('mitz_20', 671, 1, 1, 0, 0, 0, 0, 0, 0, 0, 0, 0, 80.0000),
('imloner', 747, 1, 1, 0, 0, 0, 0, 0, 0, 0, 0, 0, 80.0000),
('lastday008', 431, 1, 1, 0, 0, 0, 0, 0, 0, 0, 0, 0, 110.0000),
('venomous', 285, 1, 1, 0, 0, 0, 0, 0, 0, 0, 0, 0, 130.0000),
('ujjwal654', 1059, 1, 0, 0, 0, 0, 0, 0, 0, 0, 0, 0, 50.0000),
('chahakgupta4', 1060, 1, 0, 0, 0, 0, 0, 0, 0, 0, 0, 0, 50.0000),
('mayankb_03', 1061, 1, 0, 0, 0, 0, 0, 0, 0, 0, 0, 0, 50.0000),
('nitzzzz', 1062, 1, 0, 0, 0, 0, 0, 0, 0, 0, 0, 0, 50.0000),
('z1z93', 1063, 1, 0, 0, 0, 0, 0, 0, 0, 0, 0, 0, 50.0000),
('sak_agg', 1064, 1, 0, 0, 0, 0, 0, 0, 0, 0, 0, 0, 50.0000),
('roymustang', 242, 1, 0, 0, 1, 0, 0, 0, 0, 0, 0, 0, 150.0000),
('pranay2063', 1122, 1, 0, 0, 0, 0, 0, 0, 0, 0, 0, 0, 50.0000),
('namiol_dtu', 691, 1, 1, 0, 0, 0, 0, 0, 0, 0, 0, 0, 80.0000),
('nida', 314, 1, 1, 0, 0, 0, 0, 0, 0, 0, 0, 0, 130.0000),
('pernekhan', 44, 1, 1, 1, 1, 0, 0, 0, 0, 0, 0, 0, 310.0000),
('dablu91', 576, 1, 0, 0, 0, 0, 0, 0, 0, 0, 0, 0, 100.0000),
('lalitc375', 749, 1, 1, 0, 0, 0, 0, 0, 0, 0, 0, 0, 80.0000),
('vishu2191', 1184, 1, 0, 0, 0, 0, 0, 0, 0, 0, 0, 0, 50.0000),
('a1a1_13', 493, 1, 0, 0, 0, 0, 0, 0, 0, 0, 0, 0, 100.0000),
('shubhankarbit', 1189, 1, 0, 0, 0, 0, 0, 0, 0, 0, 0, 0, 50.0000),
('vir157', 757, 1, 1, 0, 0, 0, 0, 0, 0, 0, 0, 0, 80.0000),
('zfly', 1191, 1, 0, 0, 0, 0, 0, 0, 0, 0, 0, 0, 50.0000),
('surbhibabbar', 1306, 1, 0, 0, 0, 0, 0, 0, 0, 0, 0, 0, 50.0000),
('rajarshi369', 588, 1, 0, 0, 1, 0, 0, 0, 0, 0, 0, 0, 100.0000),
('aditya_1234', 73, 1, 1, 0, 1, 0, 0, 0, 0, 0, 0, 0, 250.0000),
('g_code', 1066, 1, 0, 0, 0, 0, 0, 0, 0, 0, 0, 0, 50.0000),
('tcmandan', 345, 1, 1, 0, 0, 0, 0, 0, 0, 0, 0, 0, 130.0000),
('viswa18_korada', 511, 1, 0, 0, 0, 0, 0, 0, 0, 0, 0, 0, 100.0000),
('ak4201', 1067, 1, 0, 0, 0, 0, 0, 0, 0, 0, 0, 0, 50.0000),
('nithinveer3718', 1068, 1, 0, 0, 0, 0, 0, 0, 0, 0, 0, 0, 50.0000),
('n1n1_4', 457, 1, 0, 0, 0, 0, 0, 0, 0, 0, 0, 0, 100.0000),
('nams', 695, 1, 1, 0, 0, 0, 0, 0, 0, 0, 0, 0, 80.0000),
('shivani122', 459, 1, 0, 0, 0, 0, 0, 0, 0, 0, 0, 0, 100.0000),
('sahil2305dua', 564, 1, 0, 0, 1, 0, 0, 0, 0, 0, 0, 0, 100.0000),
('prem_93', 395, 1, 1, 0, 1, 0, 0, 0, 0, 0, 0, 0, 130.0000),
('avishkarverma', 1073, 1, 0, 0, 0, 0, 0, 0, 0, 0, 0, 0, 50.0000),
('sugim48', 83, 1, 1, 0, 1, 0, 0, 0, 0, 0, 0, 0, 250.0000),
('sreealekhya', 257, 1, 1, 0, 0, 0, 0, 0, 0, 0, 0, 0, 150.0000),
('arijit_pande', 1134, 1, 0, 0, 0, 0, 0, 0, 0, 0, 0, 0, 50.0000),
('giggz07', 797, 1, 1, 0, 0, 0, 0, 0, 0, 0, 0, 0, 80.0000),
('rgoyakl810', 1137, 1, 0, 0, 0, 0, 0, 0, 0, 0, 0, 0, 50.0000),
('manojpandey', 1139, 1, 0, 0, 0, 0, 0, 0, 0, 0, 0, 0, 50.0000),
('shreyas94', 367, 1, 1, 0, 1, 0, 0, 0, 0, 0, 0, 0, 130.0000),
('a1z13', 1141, 1, 0, 0, 0, 0, 0, 0, 0, 0, 0, 0, 50.0000),
('venkatnani82', 1198, 1, 0, 0, 0, 0, 0, 0, 0, 0, 0, 0, 50.0000),
('nitt88', 1201, 1, 0, 0, 0, 0, 0, 0, 0, 0, 0, 0, 50.0000),
('m1patidar01_13', 1204, 1, 0, 0, 0, 0, 0, 0, 0, 0, 0, 0, 50.0000),
('cool__dude', 755, 1, 1, 0, 0, 0, 0, 0, 0, 0, 0, 0, 80.0000),
('rajeshkumar12', 603, 1, 0, 0, 1, 0, 0, 0, 0, 0, 0, 0, 100.0000),
('kakarotsen', 224, 1, 1, 0, 1, 0, 0, 0, 0, 0, 0, 0, 180.0000),
('nikhil578', 732, 1, 1, 0, 0, 0, 0, 0, 0, 0, 0, 0, 80.0000),
('aishwarya31', 1075, 1, 0, 0, 0, 0, 0, 0, 0, 0, 0, 0, 50.0000),
('surs', 1076, 1, 0, 0, 0, 0, 0, 0, 0, 0, 0, 0, 50.0000),
('abhi54213', 696, 1, 1, 0, 0, 0, 0, 0, 0, 0, 0, 0, 80.0000),
('suraj_singh89', 1430, 0, 1, 0, 0, 0, 0, 0, 0, 0, 0, 0, 30.0000),
('darkmorning', 1077, 1, 0, 0, 0, 0, 0, 0, 0, 0, 0, 0, 50.0000),
('amarprasad63', 706, 1, 1, 0, 0, 0, 0, 0, 0, 0, 0, 0, 80.0000),
('marx', 751, 1, 1, 0, 0, 0, 0, 0, 0, 0, 0, 0, 80.0000),
('ayushi919', 1079, 1, 0, 0, 0, 0, 0, 0, 0, 0, 0, 0, 50.0000),
('sonal_tepu', 140, 1, 1, 0, 1, 0, 0, 0, 0, 0, 0, 0, 200.0000),
('deep_var35', 600, 1, 0, 0, 1, 0, 0, 0, 0, 0, 0, 0, 100.0000),
('abhijeetr', 1081, 1, 0, 0, 0, 0, 0, 0, 0, 0, 0, 0, 50.0000),
('coder0707', 423, 1, 1, 0, 1, 0, 0, 0, 0, 0, 0, 0, 130.0000),
('sk97045', 1082, 1, 0, 0, 0, 0, 0, 0, 0, 0, 0, 0, 50.0000),
('soupe', 153, 1, 1, 0, 0, 0, 0, 0, 0, 0, 0, 0, 200.0000),
('kk01', 1083, 1, 0, 0, 0, 0, 0, 0, 0, 0, 0, 0, 50.0000),
('shini', 762, 1, 1, 0, 0, 0, 0, 0, 0, 0, 0, 0, 80.0000),
('rajchopra', 422, 1, 1, 0, 1, 0, 0, 0, 0, 0, 0, 0, 130.0000),
('acharjee27', 479, 1, 0, 0, 0, 0, 0, 0, 0, 0, 0, 0, 100.0000),
('prajapati4321', 1085, 1, 0, 0, 0, 0, 0, 0, 0, 0, 0, 0, 50.0000),
('jj_r', 721, 1, 1, 0, 0, 0, 0, 0, 0, 0, 0, 0, 80.0000),
('ringo1611', 698, 1, 1, 0, 0, 0, 0, 0, 0, 0, 0, 0, 80.0000),
('firdous_cool', 715, 1, 1, 0, 0, 0, 0, 0, 0, 0, 0, 0, 80.0000),
('betrayermor', 268, 1, 1, 1, 0, 0, 0, 0, 0, 0, 0, 0, 150.0000),
('ani_555', 1144, 1, 0, 0, 0, 0, 0, 0, 0, 0, 0, 0, 50.0000),
('rai009', 1145, 1, 0, 0, 0, 0, 0, 0, 0, 0, 0, 0, 50.0000),
('zkhan1093', 1146, 1, 0, 0, 0, 0, 0, 0, 0, 0, 0, 0, 50.0000),
('ss_nitian', 560, 1, 0, 0, 0, 0, 0, 0, 0, 0, 0, 0, 100.0000),
('iluvcpp', 1211, 1, 0, 0, 0, 0, 0, 0, 0, 0, 0, 0, 50.0000),
('r__i', 1218, 1, 0, 0, 0, 0, 0, 0, 0, 0, 0, 0, 50.0000),
('abhi110892', 1219, 1, 0, 0, 0, 0, 0, 0, 0, 0, 0, 0, 50.0000),
('sugusor', 552, 1, 0, 0, 0, 0, 0, 0, 0, 0, 0, 0, 100.0000),
('sasukenaruto', 1086, 1, 0, 0, 0, 0, 0, 0, 0, 0, 0, 0, 50.0000),
('p1p5_5', 566, 1, 0, 0, 1, 0, 0, 0, 0, 0, 0, 0, 100.0000),
('luckfove', 476, 1, 0, 0, 0, 0, 0, 0, 0, 0, 0, 0, 100.0000),
('ngrymenot', 672, 1, 1, 0, 0, 0, 0, 0, 0, 0, 0, 0, 80.0000),
('jdnc', 1087, 1, 0, 0, 0, 0, 0, 0, 0, 0, 0, 0, 50.0000),
('codersan', 191, 1, 1, 0, 1, 0, 0, 0, 0, 0, 0, 0, 180.0000),
('raj_patel', 1088, 1, 0, 0, 0, 0, 0, 0, 0, 0, 0, 0, 50.0000),
('sayaksan', 477, 1, 0, 0, 0, 0, 0, 0, 0, 0, 0, 0, 100.0000),
('deepaks249', 582, 1, 0, 0, 1, 0, 0, 0, 0, 0, 0, 0, 100.0000),
('rishabh_iiita', 1089, 1, 0, 0, 0, 0, 0, 0, 0, 0, 0, 0, 50.0000),
('unidentifid', 1090, 1, 0, 0, 0, 0, 0, 0, 0, 0, 0, 0, 50.0000),
('liuquan', 51, 1, 1, 0, 1, 0, 0, 0, 0, 0, 0, 0, 300.0000),
('treasurer', 1092, 1, 0, 0, 0, 0, 0, 0, 0, 0, 0, 0, 50.0000),
('steveraghavan', 390, 1, 1, 0, 1, 0, 0, 0, 0, 0, 0, 0, 130.0000),
('sandy_singh', 289, 1, 1, 0, 0, 0, 0, 0, 0, 0, 0, 0, 130.0000),
('musicchamp', 1095, 1, 0, 0, 0, 0, 0, 0, 0, 0, 0, 0, 50.0000),
('vineetjain0611', 344, 1, 1, 0, 0, 0, 0, 0, 0, 0, 0, 0, 130.0000),
('ali_zaheer', 1153, 1, 0, 0, 0, 0, 0, 0, 0, 0, 0, 0, 50.0000),
('ashwini007k', 480, 1, 0, 0, 0, 0, 0, 0, 0, 0, 0, 0, 100.0000),
('akasadgreat', 482, 1, 0, 0, 0, 0, 0, 0, 0, 0, 0, 0, 100.0000),
('koli', 1221, 1, 0, 0, 0, 0, 0, 0, 0, 0, 0, 0, 50.0000),
('asdfghjkl1990', 499, 1, 0, 0, 0, 0, 0, 0, 0, 0, 0, 0, 100.0000),
('nikhilnihalnn2', 1222, 1, 0, 0, 0, 0, 0, 0, 0, 0, 0, 0, 50.0000),
('pranavbapat', 1226, 1, 0, 0, 0, 0, 0, 0, 0, 0, 0, 0, 50.0000),
('vats_kanishk', 1229, 1, 0, 0, 0, 0, 0, 0, 0, 0, 0, 0, 50.0000),
('dragon11', 500, 0, 1, 0, 0, 0, 0, 0, 0, 0, 0, 0, 100.0000),
('aiyuyan', 70, 1, 1, 0, 1, 0, 0, 0, 0, 0, 0, 0, 250.0000),
('ayush_kumar', 1370, 1, 0, 0, 0, 0, 0, 0, 0, 0, 0, 0, 50.0000),
('kiranjreddy9', 1426, 1, 0, 0, 0, 0, 0, 0, 0, 0, 0, 0, 50.0000),
('rd13123013', 701, 1, 1, 0, 0, 0, 0, 0, 0, 0, 0, 0, 80.0000),
('hatim009', 128, 1, 1, 0, 0, 0, 0, 0, 0, 0, 0, 0, 200.0000),
('cod_123', 1097, 1, 0, 0, 0, 0, 0, 0, 0, 0, 0, 0, 50.0000),
('arnatubai', 1098, 1, 0, 0, 0, 0, 0, 0, 0, 0, 0, 0, 50.0000),
('utk25', 1099, 1, 0, 0, 0, 0, 0, 0, 0, 0, 0, 0, 50.0000),
('theuchihaclan', 296, 1, 1, 0, 0, 0, 0, 0, 0, 0, 0, 0, 130.0000),
('rahul aggarwal', 1100, 1, 0, 0, 0, 0, 0, 0, 0, 0, 0, 0, 50.0000),
('maharshi95', 1101, 1, 0, 0, 0, 0, 0, 0, 0, 0, 0, 0, 50.0000),
('anuragjaiswal', 777, 1, 1, 0, 0, 0, 0, 0, 0, 0, 0, 0, 80.0000),
('tj2807', 1102, 1, 0, 0, 0, 0, 0, 0, 0, 0, 0, 0, 50.0000),
('coderalpha', 752, 1, 1, 0, 0, 0, 0, 0, 0, 0, 0, 0, 80.0000),
('akash110250', 680, 1, 1, 0, 0, 0, 0, 0, 0, 0, 0, 0, 80.0000),
('kishanp', 572, 1, 0, 0, 1, 0, 0, 0, 0, 0, 0, 0, 100.0000),
('sasikirankarri', 1104, 1, 0, 0, 0, 0, 0, 0, 0, 0, 0, 0, 50.0000),
('scooby', 331, 1, 1, 0, 0, 0, 0, 0, 0, 0, 0, 0, 130.0000),
('saurabhd336', 1105, 1, 0, 0, 0, 0, 0, 0, 0, 0, 0, 0, 50.0000),
('prabhat1081', 466, 0, 1, 0, 0, 0, 0, 0, 0, 0, 0, 0, 100.0000),
('megalomaniac', 1106, 1, 0, 0, 0, 0, 0, 0, 0, 0, 0, 0, 50.0000),
('ajayrfhp', 467, 1, 0, 0, 0, 0, 0, 0, 0, 0, 0, 0, 100.0000),
('ha13123007', 1159, 1, 0, 0, 0, 0, 0, 0, 0, 0, 0, 0, 50.0000),
('ka02', 801, 1, 1, 0, 0, 0, 0, 0, 0, 0, 0, 0, 80.0000),
('purvabaradia', 1163, 1, 0, 0, 0, 0, 0, 0, 0, 0, 0, 0, 50.0000),
('vinaykr41', 783, 1, 1, 0, 0, 0, 0, 0, 0, 0, 0, 0, 80.0000),
('mayur_shingote', 252, 1, 1, 0, 0, 0, 0, 0, 0, 0, 0, 0, 150.0000),
('jay_ponkia', 1235, 1, 0, 0, 0, 0, 0, 0, 0, 0, 0, 0, 50.0000),
('Ankit Aggarwal', 419, 1, 1, 0, 1, 0, 0, 0, 0, 0, 0, 0, 130.0000),
('ranacs150', 1278, 1, 0, 0, 0, 0, 0, 0, 0, 0, 0, 0, 50.0000),
('harshdcoder', 1322, 1, 0, 0, 0, 0, 0, 0, 0, 0, 0, 0, 50.0000),
('nitya', 1329, 1, 0, 0, 0, 0, 0, 0, 0, 0, 0, 0, 50.0000),
('rounak_raj', 1328, 1, 0, 0, 0, 0, 0, 0, 0, 0, 0, 0, 50.0000),
('codelode', 794, 1, 1, 0, 0, 0, 0, 0, 0, 0, 0, 0, 80.0000),
('sameer93', 1109, 1, 0, 0, 0, 0, 0, 0, 0, 0, 0, 0, 50.0000),
('nnovoice', 1111, 1, 0, 0, 0, 0, 0, 0, 0, 0, 0, 0, 50.0000),
('tarunkbhati', 1112, 1, 0, 0, 0, 0, 0, 0, 0, 0, 0, 0, 50.0000),
('manofsteel', 194, 1, 1, 0, 1, 0, 0, 0, 0, 0, 0, 0, 180.0000),
('salil1896', 1431, 0, 1, 0, 0, 0, 0, 0, 0, 0, 0, 0, 30.0000),
('ansh17091993', 1115, 1, 0, 0, 0, 0, 0, 0, 0, 0, 0, 0, 50.0000),
('dmahau69r', 1116, 1, 0, 0, 0, 0, 0, 0, 0, 0, 0, 0, 50.0000),
('bhanu_11', 583, 1, 0, 0, 1, 0, 0, 0, 0, 0, 0, 0, 100.0000),
('gsharat84', 745, 1, 1, 0, 0, 0, 0, 0, 0, 0, 0, 0, 80.0000),
('aniket20', 578, 1, 0, 0, 0, 0, 0, 0, 0, 0, 0, 0, 100.0000),
('rohith1kishan4', 1171, 1, 0, 0, 0, 0, 0, 0, 0, 0, 0, 0, 50.0000),
('chrg', 1434, 0, 1, 0, 0, 0, 0, 0, 0, 0, 0, 0, 30.0000),
('a7i7', 486, 1, 0, 0, 0, 0, 0, 0, 0, 0, 0, 0, 100.0000),
('archit4garg', 248, 1, 0, 0, 1, 0, 0, 0, 0, 0, 0, 0, 150.0000),
('timepasscoder', 1173, 1, 0, 0, 0, 0, 0, 0, 0, 0, 0, 0, 50.0000),
('atul007', 327, 1, 1, 0, 1, 0, 0, 0, 0, 0, 0, 0, 130.0000),
('Debanjan', 135, 1, 1, 0, 0, 0, 0, 0, 0, 0, 0, 0, 200.0000),
('amit_kr_maurya', 1237, 1, 0, 0, 0, 0, 0, 0, 0, 0, 0, 0, 50.0000),
('anway107', 1241, 1, 0, 0, 0, 0, 0, 0, 0, 0, 0, 0, 50.0000),
('juheesinghal9', 803, 1, 1, 0, 0, 0, 0, 0, 0, 0, 0, 0, 80.0000),
('dhirajkumar055', 520, 1, 0, 0, 0, 0, 0, 0, 0, 0, 0, 0, 100.0000),
('ppz02', 261, 1, 1, 0, 0, 0, 0, 0, 0, 0, 0, 0, 150.0000),
('arjun977889788', 717, 1, 1, 0, 0, 0, 0, 0, 0, 0, 0, 0, 80.0000),
('rinka', 1119, 1, 0, 0, 0, 0, 0, 0, 0, 0, 0, 0, 50.0000),
('cs12b006', 307, 1, 1, 0, 0, 0, 0, 0, 0, 0, 0, 0, 130.0000),
('rushilpaul', 471, 1, 0, 0, 0, 0, 0, 0, 0, 0, 0, 0, 100.0000),
('kurtgodel95', 539, 1, 0, 0, 1, 0, 0, 0, 0, 0, 0, 0, 100.0000),
('twin', 703, 1, 1, 0, 0, 0, 0, 0, 0, 0, 0, 0, 80.0000),
('piyushtyagi', 1121, 1, 0, 0, 0, 0, 0, 0, 0, 0, 0, 0, 50.0000),
('ritesh_malav', 198, 1, 1, 0, 1, 0, 0, 0, 0, 0, 0, 0, 180.0000),
('garganmol1993', 193, 1, 1, 0, 1, 0, 0, 0, 0, 0, 0, 0, 180.0000),
('rahulsanjay', 1177, 1, 0, 0, 0, 0, 0, 0, 0, 0, 0, 0, 50.0000),
('gnsp', 490, 0, 1, 0, 0, 0, 0, 0, 0, 0, 0, 0, 100.0000),
('ipg143', 1246, 1, 0, 0, 0, 0, 0, 0, 0, 0, 0, 0, 50.0000),
('thezodiac1994', 362, 1, 1, 0, 0, 0, 0, 0, 0, 0, 0, 0, 130.0000),
('prakashindia11', 1293, 1, 0, 0, 0, 0, 0, 0, 0, 0, 0, 0, 50.0000),
('a7b2_3', 769, 1, 1, 0, 0, 0, 0, 0, 0, 0, 0, 0, 80.0000),
('avinashpratap', 1339, 1, 0, 0, 0, 0, 0, 0, 0, 0, 0, 0, 50.0000),
('emboss', 595, 1, 0, 0, 0, 0, 0, 0, 0, 0, 0, 0, 100.0000),
('manu4rhyme', 1123, 1, 0, 0, 0, 0, 0, 0, 0, 0, 0, 0, 50.0000),
('shubh_sharma', 1124, 1, 0, 0, 0, 0, 0, 0, 0, 0, 0, 0, 50.0000),
('kapeed2009', 1125, 1, 0, 0, 0, 0, 0, 0, 0, 0, 0, 0, 50.0000),
('sum1ts1nha', 473, 1, 0, 0, 0, 0, 0, 0, 0, 0, 0, 0, 100.0000),
('markmagno', 1126, 1, 0, 0, 0, 0, 0, 0, 0, 0, 0, 0, 50.0000),
('swissknife007', 272, 1, 1, 1, 0, 0, 0, 0, 0, 0, 0, 0, 140.0000),
('samkitjain', 1128, 1, 0, 0, 0, 0, 0, 0, 0, 0, 0, 0, 50.0000),
('dip94_2013', 402, 1, 1, 0, 1, 0, 0, 0, 0, 0, 0, 0, 130.0000),
('ringo470', 1129, 1, 0, 0, 0, 0, 0, 0, 0, 0, 0, 0, 50.0000),
('dev24k_95', 262, 1, 1, 0, 0, 0, 0, 0, 0, 0, 0, 0, 150.0000),
('sac5894_nitkkr', 1130, 1, 0, 0, 0, 0, 0, 0, 0, 0, 0, 0, 50.0000),
('nowfight', 1131, 1, 0, 0, 0, 0, 0, 0, 0, 0, 0, 0, 50.0000),
('sushil_dubey', 1185, 1, 0, 0, 0, 0, 0, 0, 0, 0, 0, 0, 50.0000),
('kalyan_kumar', 731, 1, 1, 0, 0, 0, 0, 0, 0, 0, 0, 0, 80.0000),
('jatin chadha199', 981, 1, 0, 0, 0, 0, 0, 0, 0, 0, 0, 0, 1.0000),
('robin10', 397, 1, 1, 0, 1, 0, 0, 0, 0, 0, 0, 0, 130.0000),
('apocalypse3', 705, 1, 1, 0, 0, 0, 0, 0, 0, 0, 0, 0, 80.0000),
('datta_nagraj', 1195, 1, 0, 0, 0, 0, 0, 0, 0, 0, 0, 0, 50.0000),
('tooweak_chen', 548, 1, 0, 0, 0, 0, 0, 0, 0, 0, 0, 0, 100.0000),
('djrox', 594, 1, 0, 0, 1, 0, 0, 0, 0, 0, 0, 0, 100.0000),
('naren_2048', 1258, 1, 0, 0, 0, 0, 0, 0, 0, 0, 0, 0, 50.0000),
('msvas07', 1303, 1, 0, 0, 0, 0, 0, 0, 0, 0, 0, 0, 50.0000),
('lyh123', 1305, 1, 0, 0, 0, 0, 0, 0, 0, 0, 0, 0, 50.0000),
('yashbir', 1133, 1, 0, 0, 0, 0, 0, 0, 0, 0, 0, 0, 50.0000),
('devils_code', 1432, 0, 1, 0, 0, 0, 0, 0, 0, 0, 0, 0, 30.0000),
('xtrainn', 1135, 1, 0, 0, 0, 0, 0, 0, 0, 0, 0, 0, 50.0000),
('jujjavarapu1', 1433, 0, 1, 0, 0, 0, 0, 0, 0, 0, 0, 0, 30.0000),
('shubhamguj', 1136, 1, 0, 0, 0, 0, 0, 0, 0, 0, 0, 0, 50.0000),
('toggle1234', 381, 1, 1, 0, 1, 0, 0, 0, 0, 0, 0, 0, 130.0000),
('tavan_edla', 1140, 1, 0, 0, 0, 0, 0, 0, 0, 0, 0, 0, 50.0000),
('upendra2412', 197, 1, 1, 0, 1, 0, 0, 0, 0, 0, 0, 0, 180.0000),
('snapshot', 308, 1, 1, 0, 0, 0, 0, 0, 0, 0, 0, 0, 130.0000),
('rajaajay37', 1142, 1, 0, 0, 0, 0, 0, 0, 0, 0, 0, 0, 50.0000),
('kaizer', 137, 1, 1, 0, 0, 0, 0, 0, 0, 0, 0, 0, 200.0000),
('rajat6875', 1143, 1, 0, 0, 0, 0, 0, 0, 0, 0, 0, 0, 50.0000),
('nikhilvavs', 399, 1, 1, 0, 1, 0, 0, 0, 0, 0, 0, 0, 130.0000),
('anup_coder', 1199, 1, 0, 0, 0, 0, 0, 0, 0, 0, 0, 0, 50.0000),
('rohan123', 1200, 1, 0, 0, 0, 0, 0, 0, 0, 0, 0, 0, 50.0000),
('eonx_32', 1202, 1, 0, 0, 0, 0, 0, 0, 0, 0, 0, 0, 50.0000),
('richa_sharma', 748, 1, 1, 0, 0, 0, 0, 0, 0, 0, 0, 0, 80.0000),
('coolrv', 1312, 1, 0, 0, 0, 0, 0, 0, 0, 0, 0, 0, 50.0000),
('har1234592', 761, 1, 1, 0, 0, 0, 0, 0, 0, 0, 0, 0, 80.0000),
('aman_4', 809, 1, 0, 1, 0, 0, 0, 0, 0, 0, 0, 0, 70.0000),
('ambika93', 1147, 1, 0, 0, 0, 0, 0, 0, 0, 0, 0, 0, 50.0000),
('binuu2679', 1148, 1, 0, 0, 0, 0, 0, 0, 0, 0, 0, 0, 50.0000),
('jogi', 1149, 1, 0, 0, 0, 0, 0, 0, 0, 0, 0, 0, 50.0000),
('shivaninitbh', 1150, 1, 0, 0, 0, 0, 0, 0, 0, 0, 0, 0, 50.0000),
('surya176', 1151, 1, 0, 0, 0, 0, 0, 0, 0, 0, 0, 0, 50.0000),
('tomc', 738, 1, 1, 0, 0, 0, 0, 0, 0, 0, 0, 0, 80.0000),
('sousnake', 413, 1, 1, 0, 1, 0, 0, 0, 0, 0, 0, 0, 130.0000),
('vasanthraja', 1215, 1, 0, 0, 0, 0, 0, 0, 0, 0, 0, 0, 50.0000),
('itshimhim', 767, 1, 1, 0, 0, 0, 0, 0, 0, 0, 0, 0, 80.0000),
('new_chef18', 1224, 0, 0, 0, 1, 0, 0, 0, 0, 0, 0, 0, 50.0000),
('nikita_chopra', 1225, 1, 0, 0, 0, 0, 0, 0, 0, 0, 0, 0, 50.0000),
('t_xliang', 87, 1, 1, 0, 1, 0, 0, 0, 0, 0, 0, 0, 250.0000),
('dhiren1a0_3', 760, 1, 1, 0, 0, 0, 0, 0, 0, 0, 0, 0, 80.0000),
('maulo', 1315, 1, 0, 0, 0, 0, 0, 0, 0, 0, 0, 0, 50.0000),
('shashank27392', 1411, 1, 0, 0, 0, 0, 0, 0, 0, 0, 0, 0, 50.0000),
('nit123', 1152, 1, 0, 0, 0, 0, 0, 0, 0, 0, 0, 0, 50.0000),
('jj29111993', 772, 1, 1, 0, 0, 0, 0, 0, 0, 0, 0, 0, 80.0000),
('tapariaankit', 1154, 1, 0, 0, 0, 0, 0, 0, 0, 0, 0, 0, 50.0000),
('shubhampatwa', 1155, 1, 0, 0, 0, 0, 0, 0, 0, 0, 0, 0, 50.0000),
('aishgup21', 1157, 1, 0, 0, 0, 0, 0, 0, 0, 0, 0, 0, 50.0000),
('debagnick', 375, 1, 1, 0, 0, 0, 0, 0, 0, 0, 0, 0, 130.0000),
('pandu67', 735, 1, 1, 0, 0, 0, 0, 0, 0, 0, 0, 0, 80.0000),
('lnfinity', 532, 1, 0, 0, 0, 0, 0, 0, 0, 0, 0, 0, 100.0000),
('adityavikram', 398, 1, 1, 0, 1, 0, 0, 0, 0, 0, 0, 0, 130.0000),
('vaibhav3737', 1160, 1, 0, 0, 0, 0, 0, 0, 0, 0, 0, 0, 50.0000),
('darshanypatel', 1161, 1, 0, 0, 0, 0, 0, 0, 0, 0, 0, 0, 50.0000),
('kush123', 484, 0, 1, 0, 0, 0, 0, 0, 0, 0, 0, 0, 100.0000),
('code_note', 41, 1, 1, 1, 1, 0, 0, 0, 0, 0, 0, 0, 310.0000),
('jai_se', 1164, 1, 0, 0, 0, 0, 0, 0, 0, 0, 0, 0, 50.0000),
('kunal27891', 756, 1, 1, 0, 0, 0, 0, 0, 0, 0, 0, 0, 80.0000),
('sreecodechef89', 1165, 1, 0, 0, 0, 0, 0, 0, 0, 0, 0, 0, 50.0000),
('xujing', 82, 1, 1, 0, 1, 0, 0, 0, 0, 0, 0, 0, 250.0000),
('raghav_mahajan', 1227, 1, 0, 0, 0, 0, 0, 0, 0, 0, 0, 0, 50.0000),
('uderanikaran', 1232, 1, 0, 0, 0, 0, 0, 0, 0, 0, 0, 0, 50.0000),
('m_17', 57, 1, 1, 1, 1, 0, 0, 0, 0, 0, 0, 0, 270.0000),
('ayushj10', 1269, 1, 0, 0, 0, 0, 0, 0, 0, 0, 0, 0, 50.0000),
('subhash_12', 1271, 1, 0, 0, 0, 0, 0, 0, 0, 0, 0, 0, 50.0000),
('bipul_k_singh', 515, 1, 0, 0, 0, 0, 0, 0, 0, 0, 0, 0, 100.0000),
('nishit92', 593, 1, 0, 0, 1, 0, 0, 0, 0, 0, 0, 0, 100.0000),
('utknit', 1280, 1, 0, 0, 0, 0, 0, 0, 0, 0, 0, 0, 50.0000),
('amlansaha', 1347, 1, 0, 0, 0, 0, 0, 0, 0, 0, 0, 0, 50.0000),
('anurag029', 1414, 1, 0, 0, 0, 0, 0, 0, 0, 0, 0, 0, 50.0000),
('rahul89kumar', 1419, 1, 0, 0, 0, 0, 0, 0, 0, 0, 0, 0, 50.0000),
('ashudeep_1991', 1166, 1, 0, 0, 0, 0, 0, 0, 0, 0, 0, 0, 50.0000),
('chandra_mahto', 1167, 1, 0, 0, 0, 0, 0, 0, 0, 0, 0, 0, 50.0000),
('keerthi1', 1168, 1, 0, 0, 0, 0, 0, 0, 0, 0, 0, 0, 50.0000),
('umang736', 1169, 1, 0, 0, 0, 0, 0, 0, 0, 0, 0, 0, 50.0000),
('satyam18aug', 1170, 1, 0, 0, 0, 0, 0, 0, 0, 0, 0, 0, 50.0000),
('jjsg', 433, 1, 1, 0, 0, 0, 0, 0, 0, 0, 0, 0, 110.0000),
('ronak4kalyani', 1439, 0, 1, 0, 0, 0, 0, 0, 0, 0, 0, 0, 30.0000),
('pulkit_005', 1239, 1, 0, 0, 0, 0, 0, 0, 0, 0, 0, 0, 50.0000),
('mon95', 1280, 1, 0, 0, 0, 0, 0, 0, 0, 0, 0, 0, 50.0000),
('batcrazt', 785, 1, 1, 0, 0, 0, 0, 0, 0, 0, 0, 0, 80.0000),
('dosa', 518, 1, 0, 0, 0, 0, 0, 0, 0, 0, 0, 0, 100.0000),
('shyambs', 1332, 1, 0, 0, 0, 0, 0, 0, 0, 0, 0, 0, 50.0000),
('hkara657', 726, 1, 1, 0, 0, 0, 0, 0, 0, 0, 0, 0, 80.0000),
('esh_15', 1174, 1, 0, 0, 0, 0, 0, 0, 0, 0, 0, 0, 50.0000),
('spcodes', 1175, 1, 0, 0, 0, 0, 0, 0, 0, 0, 0, 0, 50.0000),
('ajs97', 1176, 1, 0, 0, 0, 0, 0, 0, 0, 0, 0, 0, 50.0000),
('jayasraj', 784, 1, 1, 0, 0, 0, 0, 0, 0, 0, 0, 0, 80.0000),
('lovro_sinda', 1179, 1, 0, 0, 0, 0, 0, 0, 0, 0, 0, 0, 50.0000),
('gohan95', 391, 1, 1, 0, 1, 0, 0, 0, 0, 0, 0, 0, 130.0000),
('ckyang', 1180, 0, 0, 0, 1, 0, 0, 0, 0, 0, 0, 0, 50.0000),
('ad0_', 1435, 0, 1, 0, 0, 0, 0, 0, 0, 0, 0, 0, 30.0000),
('kimbbakar', 1181, 1, 0, 0, 0, 0, 0, 0, 0, 0, 0, 0, 50.0000),
('vikram921995', 1242, 1, 0, 0, 0, 0, 0, 0, 0, 0, 0, 0, 50.0000),
('naveenpajjuri', 798, 1, 1, 0, 0, 0, 0, 0, 0, 0, 0, 0, 80.0000),
('rezwan4029', 216, 1, 1, 0, 1, 0, 0, 0, 0, 0, 0, 0, 180.0000),
('ad1ty4', 1294, 1, 0, 0, 0, 0, 0, 0, 0, 0, 0, 0, 50.0000),
('ayush_awasthi', 1334, 1, 0, 0, 0, 0, 0, 0, 0, 0, 0, 0, 50.0000),
('vikrantgarg', 555, 1, 0, 0, 0, 0, 0, 0, 0, 0, 0, 0, 100.0000),
('surya545', 591, 1, 0, 0, 0, 0, 0, 0, 0, 0, 0, 0, 100.0000),
('mayank_m', 1324, 1, 0, 0, 0, 0, 0, 0, 0, 0, 0, 0, 50.0000),
('kellymilla18', 91, 1, 1, 1, 1, 0, 0, 0, 0, 0, 0, 0, 240.0000),
('sad1a13', 86, 1, 1, 0, 1, 0, 0, 0, 0, 0, 0, 0, 250.0000),
('credosam', 597, 1, 0, 0, 1, 0, 0, 0, 0, 0, 0, 0, 100.0000),
('nagar00', 489, 1, 0, 0, 0, 0, 0, 0, 0, 0, 0, 0, 100.0000),
('butler_prasad', 1182, 1, 0, 0, 0, 0, 0, 0, 0, 0, 0, 0, 50.0000),
('imrajeshpal', 1183, 1, 0, 0, 0, 0, 0, 0, 0, 0, 0, 0, 50.0000),
('victor_k', 606, 1, 1, 1, 0, 0, 0, 0, 0, 0, 0, 0, 100.0000),
('psyduck', 1186, 1, 0, 0, 0, 0, 0, 0, 0, 0, 0, 0, 50.0000),
('nellex', 1188, 1, 0, 0, 0, 0, 0, 0, 0, 0, 0, 0, 50.0000),
('kurmi286', 1190, 1, 0, 0, 0, 0, 0, 0, 0, 0, 0, 0, 50.0000),
('manas1995', 1192, 1, 0, 0, 0, 0, 0, 0, 0, 0, 0, 0, 50.0000),
('garyclay08', 508, 1, 0, 0, 0, 0, 0, 0, 0, 0, 0, 0, 100.0000),
('dtalamas24', 30, 1, 1, 1, 1, 0, 0, 0, 0, 0, 0, 0, 350.0000),
('mohit1994', 1301, 1, 0, 0, 0, 0, 0, 0, 0, 0, 0, 0, 50.0000),
('tezaswy_singh', 1304, 1, 0, 0, 0, 0, 0, 0, 0, 0, 0, 0, 50.0000),
('priyanshuid', 411, 1, 1, 0, 0, 0, 0, 0, 0, 0, 0, 0, 130.0000),
('shubham26sep', 1341, 1, 0, 0, 0, 0, 0, 0, 0, 0, 0, 0, 50.0000),
('codedevloper', 394, 1, 1, 0, 1, 0, 0, 0, 0, 0, 0, 0, 130.0000),
('saumyajit_dey', 1193, 1, 0, 0, 0, 0, 0, 0, 0, 0, 0, 0, 50.0000),
('mrityunjaypm', 1194, 1, 0, 0, 0, 0, 0, 0, 0, 0, 0, 0, 50.0000),
('kumarsud45', 1196, 1, 0, 0, 0, 0, 0, 0, 0, 0, 0, 0, 50.0000),
('codehackerz', 1197, 1, 0, 0, 0, 0, 0, 0, 0, 0, 0, 0, 50.0000),
('pmitra43', 315, 1, 1, 0, 0, 0, 0, 0, 0, 0, 0, 0, 130.0000),
('vikash02', 742, 1, 1, 0, 0, 0, 0, 0, 0, 0, 0, 0, 80.0000),
('sourabh_manit', 356, 1, 1, 0, 0, 0, 0, 0, 0, 0, 0, 0, 130.0000),
('pbhatu', 1203, 1, 0, 0, 0, 0, 0, 0, 0, 0, 0, 0, 50.0000),
('piyushulti', 1205, 1, 0, 0, 0, 0, 0, 0, 0, 0, 0, 0, 50.0000),
('hmodi9365', 1436, 0, 1, 0, 0, 0, 0, 0, 0, 0, 0, 0, 30.0000),
('subrat_11', 581, 1, 0, 0, 0, 0, 0, 0, 0, 0, 0, 0, 100.0000),
('mintplus', 1440, 0, 1, 0, 0, 0, 0, 0, 0, 0, 0, 0, 30.0000),
('vishnupoddar12', 790, 1, 1, 0, 0, 0, 0, 0, 0, 0, 0, 0, 80.0000),
('shivit2302', 1261, 1, 0, 0, 0, 0, 0, 0, 0, 0, 0, 0, 50.0000),
('illuz', 526, 1, 0, 0, 0, 0, 0, 0, 0, 0, 0, 0, 100.0000),
('anupamsingh123', 1310, 1, 0, 0, 0, 0, 0, 0, 0, 0, 0, 0, 50.0000),
('suhrid07', 1206, 1, 0, 0, 0, 0, 0, 0, 0, 0, 0, 0, 50.0000),
('aman21', 1207, 1, 0, 0, 0, 0, 0, 0, 0, 0, 0, 0, 50.0000),
('build3r', 106, 1, 1, 0, 1, 0, 0, 0, 0, 0, 0, 0, 210.0000),
('amar111', 1208, 1, 0, 0, 0, 0, 0, 0, 0, 0, 0, 0, 50.0000),
('jitender007', 1209, 1, 0, 0, 0, 0, 0, 0, 0, 0, 0, 0, 50.0000),
('azix6', 521, 1, 0, 0, 0, 0, 0, 0, 0, 0, 0, 0, 100.0000),
('arupdey', 1210, 1, 0, 0, 0, 0, 0, 0, 0, 0, 0, 0, 50.0000),
('varun_syal', 346, 1, 1, 0, 0, 0, 0, 0, 0, 0, 0, 0, 130.0000),
('warfreak92', 1213, 1, 0, 0, 0, 0, 0, 0, 0, 0, 0, 0, 50.0000),
('anand7aero17', 1214, 1, 0, 0, 0, 0, 0, 0, 0, 0, 0, 0, 50.0000),
('ankurkumar', 1216, 1, 0, 0, 0, 0, 0, 0, 0, 0, 0, 0, 50.0000),
('mehulagarwal', 1217, 1, 0, 0, 0, 0, 0, 0, 0, 0, 0, 0, 50.0000),
('ankurjn42', 1264, 1, 0, 0, 0, 0, 0, 0, 0, 0, 0, 0, 50.0000),
('matto7712', 773, 1, 1, 0, 0, 0, 0, 0, 0, 0, 0, 0, 80.0000),
('rohitraj111', 1266, 1, 0, 0, 0, 0, 0, 0, 0, 0, 0, 0, 50.0000),
('kk_pheonix', 1267, 1, 0, 0, 0, 0, 0, 0, 0, 0, 0, 0, 50.0000),
('thorikawa', 155, 1, 1, 0, 0, 0, 0, 0, 0, 0, 0, 0, 200.0000),
('anudeep2696', 601, 1, 0, 0, 1, 0, 0, 0, 0, 0, 0, 0, 100.0000),
('ankitcs13', 1383, 1, 0, 0, 0, 0, 0, 0, 0, 0, 0, 0, 50.0000),
('grayhathacker', 426, 1, 1, 0, 1, 0, 0, 0, 0, 0, 0, 0, 130.0000),
('nbnitish', 1220, 1, 0, 0, 0, 0, 0, 0, 0, 0, 0, 0, 50.0000),
('urvashi409', 1223, 1, 0, 0, 0, 0, 0, 0, 0, 0, 0, 0, 50.0000),
('coderdude1996', 258, 0, 1, 0, 1, 0, 0, 0, 0, 0, 0, 0, 150.0000),
('ramkumar1994', 579, 1, 0, 0, 1, 0, 0, 0, 0, 0, 0, 0, 100.0000),
('ballon_ziq', 17, 1, 1, 1, 1, 0, 0, 0, 0, 0, 0, 0, 400.0000),
('raju7073', 1437, 0, 1, 0, 0, 0, 0, 0, 0, 0, 0, 0, 30.0000),
('sumkumar', 759, 1, 1, 0, 0, 0, 0, 0, 0, 0, 0, 0, 80.0000),
('shuvam07', 1228, 1, 0, 0, 0, 0, 0, 0, 0, 0, 0, 0, 50.0000),
('sundar1995', 81, 1, 1, 0, 1, 0, 0, 0, 0, 0, 0, 0, 250.0000),
('soum_546', 1230, 1, 0, 0, 0, 0, 0, 0, 0, 0, 0, 0, 50.0000),
('kumar1amit143', 778, 1, 1, 0, 0, 0, 0, 0, 0, 0, 0, 0, 80.0000),
('qualitystuff', 1268, 1, 0, 0, 0, 0, 0, 0, 0, 0, 0, 0, 50.0000),
('rtheman', 416, 1, 1, 0, 1, 0, 0, 0, 0, 0, 0, 0, 130.0000),
('sattdeepan', 768, 1, 1, 0, 0, 0, 0, 0, 0, 0, 0, 0, 80.0000),
('darthali2006', 1316, 1, 0, 0, 0, 0, 0, 0, 0, 0, 0, 0, 50.0000),
('kinjaldand', 602, 1, 0, 0, 1, 0, 0, 0, 0, 0, 0, 0, 100.0000),
('palashgoel', 1371, 1, 0, 0, 0, 0, 0, 0, 0, 0, 0, 0, 50.0000),
('neerajrock_007', 1386, 1, 0, 0, 0, 0, 0, 0, 0, 0, 0, 0, 50.0000),
('ayushiitr', 1402, 1, 0, 0, 0, 0, 0, 0, 0, 0, 0, 0, 50.0000),
('cenati0n', 1412, 1, 0, 0, 0, 0, 0, 0, 0, 0, 0, 0, 50.0000),
('sofmonk', 1427, 1, 0, 0, 0, 0, 0, 0, 0, 0, 0, 0, 50.0000),
('asvcracker007', 786, 1, 1, 0, 0, 0, 0, 0, 0, 0, 0, 0, 80.0000),
('maxsdhir005', 1323, 1, 0, 0, 0, 0, 0, 0, 0, 0, 0, 0, 50.0000),
('kumarchoudhary', 1231, 1, 0, 0, 0, 0, 0, 0, 0, 0, 0, 0, 50.0000),
('codejam321', 766, 0, 1, 0, 1, 0, 0, 0, 0, 0, 0, 0, 80.0000),
('creativekoder', 1438, 0, 1, 0, 0, 0, 0, 0, 0, 0, 0, 0, 30.0000),
('mb1994', 410, 1, 1, 1, 0, 0, 0, 0, 0, 0, 0, 0, 130.0000),
('abcdexter24', 1233, 1, 0, 0, 0, 0, 0, 0, 0, 0, 0, 0, 50.0000),
('shashikumar678', 1234, 1, 0, 0, 0, 0, 0, 0, 0, 0, 0, 0, 50.0000),
('ankushchadda', 776, 1, 1, 0, 0, 0, 0, 0, 0, 0, 0, 0, 80.0000),
('dev8546', 203, 1, 1, 0, 1, 0, 0, 0, 0, 0, 0, 0, 180.0000),
('rebryk', 46, 1, 1, 1, 1, 0, 0, 0, 0, 0, 0, 0, 310.0000),
('anmol95', 396, 1, 1, 0, 0, 0, 0, 0, 0, 0, 0, 0, 130.0000),
('souravkuila127', 1236, 1, 0, 0, 0, 0, 0, 0, 0, 0, 0, 0, 50.0000),
('yusufshakeel', 1272, 1, 0, 0, 0, 0, 0, 0, 0, 0, 0, 0, 50.0000),
('sitaram95', 1274, 1, 0, 0, 0, 0, 0, 0, 0, 0, 0, 0, 50.0000),
('goku321', 536, 1, 0, 0, 0, 0, 0, 0, 0, 0, 0, 0, 100.0000),
('himanshu_9419', 1282, 1, 0, 0, 0, 0, 0, 0, 0, 0, 0, 0, 50.0000),
('vika1', 1325, 1, 0, 0, 0, 0, 0, 0, 0, 0, 0, 0, 50.0000),
('satys', 1326, 1, 0, 0, 0, 0, 0, 0, 0, 0, 0, 0, 50.0000),
('vivek120794', 1327, 1, 0, 0, 0, 0, 0, 0, 0, 0, 0, 0, 50.0000),
('muditsaxena', 1387, 1, 0, 0, 0, 0, 0, 0, 0, 0, 0, 0, 50.0000),
('vickypanke176', 1404, 1, 0, 0, 0, 0, 0, 0, 0, 0, 0, 0, 50.0000),
('sandesh_gupta', 1238, 1, 0, 0, 0, 0, 0, 0, 0, 0, 0, 0, 50.0000),
('krisharker', 1240, 1, 0, 0, 0, 0, 0, 0, 0, 0, 0, 0, 50.0000),
('sr777777', 741, 1, 1, 0, 0, 0, 0, 0, 0, 0, 0, 0, 80.0000),
('mohit.yup', 1284, 1, 0, 0, 0, 0, 0, 0, 0, 0, 0, 0, 50.0000),
('sac007', 1289, 1, 0, 0, 0, 0, 0, 0, 0, 0, 0, 0, 50.0000),
('rahul1193', 779, 1, 1, 0, 0, 0, 0, 0, 0, 0, 0, 0, 80.0000),
('kp100', 1442, 0, 1, 0, 0, 0, 0, 0, 0, 0, 0, 0, 30.0000),
('randomizer', 592, 1, 0, 0, 1, 0, 0, 0, 0, 0, 0, 0, 100.0000),
('ace007', 535, 1, 0, 0, 0, 0, 0, 0, 0, 0, 0, 0, 100.0000),
('pvkcse', 1424, 1, 0, 0, 0, 0, 0, 0, 0, 0, 0, 0, 50.0000),
('the_vkp', 598, 1, 0, 0, 1, 0, 0, 0, 0, 0, 0, 0, 100.0000),
('abcdefgh1234', 504, 1, 0, 0, 0, 0, 0, 0, 0, 0, 0, 0, 100.0000),
('chetan187', 505, 1, 0, 0, 0, 0, 0, 0, 0, 0, 0, 0, 100.0000),
('sujanian07', 425, 1, 1, 0, 1, 0, 0, 0, 0, 0, 0, 0, 130.0000),
('shardul7', 1245, 0, 0, 0, 1, 0, 0, 0, 0, 0, 0, 0, 50.0000),
('vinay_pawar', 584, 1, 0, 0, 1, 0, 0, 0, 0, 0, 0, 0, 100.0000),
('gowthamvn', 1247, 1, 0, 0, 0, 0, 0, 0, 0, 0, 0, 0, 50.0000),
('ravi9a2', 1248, 1, 0, 0, 0, 0, 0, 0, 0, 0, 0, 0, 50.0000),
('karthiks1995', 1298, 1, 0, 0, 0, 0, 0, 0, 0, 0, 0, 0, 50.0000),
('manumeral_80', 1379, 1, 0, 0, 0, 0, 0, 0, 0, 0, 0, 0, 50.0000),
('jalaj_gupta', 1417, 1, 0, 0, 0, 0, 0, 0, 0, 0, 0, 0, 50.0000),
('darrensun', 336, 1, 1, 0, 0, 0, 0, 0, 0, 0, 0, 0, 130.0000),
('danieljames', 1249, 1, 0, 0, 0, 0, 0, 0, 0, 0, 0, 0, 50.0000),
('vikky1234', 1250, 1, 0, 0, 0, 0, 0, 0, 0, 0, 0, 0, 50.0000),
('vaibhav_jain', 763, 1, 1, 0, 0, 0, 0, 0, 0, 0, 0, 0, 80.0000),
('prince73', 1251, 1, 0, 0, 0, 0, 0, 0, 0, 0, 0, 0, 50.0000),
('harshil7924', 158, 1, 1, 0, 0, 0, 0, 0, 0, 0, 0, 0, 200.0000),
('leharb', 1252, 1, 0, 0, 0, 0, 0, 0, 0, 0, 0, 0, 50.0000),
('define_k7', 1253, 1, 0, 0, 0, 0, 0, 0, 0, 0, 0, 0, 50.0000),
('bitfear', 596, 1, 0, 0, 1, 0, 0, 0, 0, 0, 0, 0, 100.0000),
('shanu_os', 1254, 1, 0, 0, 0, 0, 0, 0, 0, 0, 0, 0, 50.0000),
('praveenk441', 1255, 1, 0, 0, 0, 0, 0, 0, 0, 0, 0, 0, 50.0000),
('kshanuanand', 1300, 1, 0, 0, 0, 0, 0, 0, 0, 0, 0, 0, 50.0000),
('ayudhkrgupta14', 1302, 1, 0, 0, 0, 0, 0, 0, 0, 0, 0, 0, 50.0000),
('launchpad', 1307, 1, 0, 0, 0, 0, 0, 0, 0, 0, 0, 0, 50.0000),
('adityadey2', 805, 1, 1, 0, 0, 0, 0, 0, 0, 0, 0, 0, 80.0000),
('ng420', 79, 1, 1, 0, 1, 0, 0, 0, 0, 0, 0, 0, 250.0000),
('tapasweni', 1256, 1, 0, 0, 0, 0, 0, 0, 0, 0, 0, 0, 50.0000),
('khatribru', 774, 1, 1, 0, 0, 0, 0, 0, 0, 0, 0, 0, 80.0000),
('amitj975', 1257, 1, 0, 0, 0, 0, 0, 0, 0, 0, 0, 0, 50.0000),
('ab1ab94_11', 1259, 1, 0, 0, 0, 0, 0, 0, 0, 0, 0, 0, 50.0000),
('cyfer0618', 1260, 1, 0, 0, 0, 0, 0, 0, 0, 0, 0, 0, 50.0000),
('k0gn1zance_11', 765, 1, 1, 0, 0, 0, 0, 0, 0, 0, 0, 0, 80.0000),
('shrenujgandhi', 1262, 1, 0, 0, 0, 0, 0, 0, 0, 0, 0, 0, 50.0000),
('cedricdiggory', 1263, 1, 0, 0, 0, 0, 0, 0, 0, 0, 0, 0, 50.0000),
('sankits', 349, 1, 1, 0, 0, 0, 0, 0, 0, 0, 0, 0, 130.0000),
('rj05', 1309, 1, 0, 0, 0, 0, 0, 0, 0, 0, 0, 0, 50.0000),
('bluecheck67', 1311, 1, 0, 0, 0, 0, 0, 0, 0, 0, 0, 0, 50.0000),
('moinul_1005015', 145, 1, 1, 0, 0, 0, 0, 0, 0, 0, 0, 0, 200.0000),
('rocker150', 1361, 1, 0, 0, 0, 0, 0, 0, 0, 0, 0, 0, 50.0000),
('sharique_5', 1265, 1, 0, 0, 0, 0, 0, 0, 0, 0, 0, 0, 50.0000),
('jagsxi', 1441, 0, 1, 0, 0, 0, 0, 0, 0, 0, 0, 0, 30.0000),
('placibo', 412, 1, 1, 0, 1, 0, 0, 0, 0, 0, 0, 0, 130.0000),
('nilmish', 404, 1, 1, 0, 1, 0, 0, 0, 0, 0, 0, 0, 130.0000),
('dhanna89', 547, 0, 1, 0, 0, 0, 0, 0, 0, 0, 0, 0, 100.0000),
('kartik_a91', 780, 1, 1, 0, 0, 0, 0, 0, 0, 0, 0, 0, 80.0000),
('shubham063', 1445, 0, 1, 0, 0, 0, 0, 0, 0, 0, 0, 0, 30.0000),
('kashyap_rahul', 1400, 1, 0, 0, 0, 0, 0, 0, 0, 0, 0, 0, 50.0000),
('webstergp', 1425, 1, 0, 0, 0, 0, 0, 0, 0, 0, 0, 0, 50.0000),
('haghani', 29, 1, 1, 1, 1, 0, 0, 0, 0, 0, 0, 0, 350.0000),
('gdisastery1', 18, 1, 1, 1, 1, 0, 0, 0, 0, 0, 0, 0, 400.0000),
('prasad_svd', 1270, 1, 0, 0, 0, 0, 0, 0, 0, 0, 0, 0, 50.0000),
('yashtewarisaab', 514, 1, 0, 0, 0, 0, 0, 0, 0, 0, 0, 0, 100.0000),
('kapeed', 1273, 0, 0, 0, 1, 0, 0, 0, 0, 0, 0, 0, 50.0000),
('akash06', 1275, 1, 0, 0, 0, 0, 0, 0, 0, 0, 0, 0, 50.0000),
('rakeshgk', 1275, 1, 0, 0, 0, 0, 0, 0, 0, 0, 0, 0, 50.0000),
('panditkipython', 1277, 1, 0, 0, 0, 0, 0, 0, 0, 0, 0, 0, 50.0000),
('sunny7', 800, 1, 1, 0, 0, 0, 0, 0, 0, 0, 0, 0, 80.0000),
('chinmay_1994', 1318, 1, 0, 0, 0, 0, 0, 0, 0, 0, 0, 0, 50.0000),
('r_a_m', 1321, 1, 0, 0, 0, 0, 0, 0, 0, 0, 0, 0, 50.0000),
('rishabhtwr07', 791, 1, 1, 0, 0, 0, 0, 0, 0, 0, 0, 0, 80.0000),
('itsmejyoti', 1279, 1, 0, 0, 0, 0, 0, 0, 0, 0, 0, 0, 50.0000),
('rajat1gupta712', 1283, 1, 0, 0, 0, 0, 0, 0, 0, 0, 0, 0, 50.0000),
('timtoady', 529, 1, 0, 0, 0, 0, 0, 0, 0, 0, 0, 0, 100.0000),
('mercury_hg', 1285, 1, 0, 0, 0, 0, 0, 0, 0, 0, 0, 0, 50.0000),
('thespacedude', 1286, 1, 0, 0, 0, 0, 0, 0, 0, 0, 0, 0, 50.0000),
('ram_nath_j', 1374, 1, 0, 0, 0, 0, 0, 0, 0, 0, 0, 0, 50.0000),
('abhay123_lp', 516, 1, 0, 0, 0, 0, 0, 0, 0, 0, 0, 0, 100.0000),
('sidch95', 517, 1, 0, 0, 0, 0, 0, 0, 0, 0, 0, 0, 100.0000),
('pankaja455', 1287, 1, 0, 0, 0, 0, 0, 0, 0, 0, 0, 0, 50.0000),
('sharmats28', 1290, 1, 0, 0, 0, 0, 0, 0, 0, 0, 0, 0, 50.0000),
('bebabo', 519, 1, 0, 0, 0, 0, 0, 0, 0, 0, 0, 0, 100.0000),
('vipulbansal91', 1291, 1, 0, 0, 0, 0, 0, 0, 0, 0, 0, 0, 50.0000),
('ashu1115', 1292, 1, 0, 0, 0, 0, 0, 0, 0, 0, 0, 0, 50.0000),
('not_found', 264, 0, 1, 0, 1, 0, 0, 0, 0, 0, 0, 0, 150.0000),
('bornibus1_3', 408, 1, 1, 0, 0, 0, 0, 0, 0, 0, 0, 0, 130.0000),
('rpmeghwal', 1333, 1, 0, 0, 0, 0, 0, 0, 0, 0, 0, 0, 50.0000),
('rishavz_sagar', 1355, 1, 0, 0, 0, 0, 0, 0, 0, 0, 0, 0, 50.0000),
('t1s3', 1377, 1, 0, 0, 0, 0, 0, 0, 0, 0, 0, 0, 50.0000),
('ankesh2110', 806, 1, 1, 0, 0, 0, 0, 0, 0, 0, 0, 0, 80.0000),
('kuldeep123', 541, 1, 0, 0, 0, 0, 0, 0, 0, 0, 0, 0, 100.0000),
('vaishalshah95', 1295, 1, 0, 0, 0, 0, 0, 0, 0, 0, 0, 0, 50.0000),
('jaspal1329', 1296, 1, 0, 0, 0, 0, 0, 0, 0, 0, 0, 0, 50.0000),
('ab_decoded', 1297, 1, 0, 0, 0, 0, 0, 0, 0, 0, 0, 0, 50.0000),
('abhishek2k49', 522, 1, 0, 0, 0, 0, 0, 0, 0, 0, 0, 0, 100.0000),
('abhinav1c', 1299, 1, 0, 0, 0, 0, 0, 0, 0, 0, 0, 0, 50.0000),
('atishey', 1337, 1, 0, 0, 0, 0, 0, 0, 0, 0, 0, 0, 50.0000),
('vaibhav9518s', 263, 1, 0, 0, 1, 0, 0, 0, 0, 0, 0, 0, 150.0000),
('gaurav_1995', 1443, 0, 1, 0, 0, 0, 0, 0, 0, 0, 0, 0, 30.0000),
('abhishek271093', 1308, 1, 0, 0, 0, 0, 0, 0, 0, 0, 0, 0, 50.0000),
('ankitpapan', 148, 1, 1, 0, 0, 0, 0, 0, 0, 0, 0, 0, 200.0000),
('vbshubham', 1362, 1, 0, 0, 0, 0, 0, 0, 0, 0, 0, 0, 50.0000),
('ruchika27', 1415, 1, 0, 0, 0, 0, 0, 0, 0, 0, 0, 0, 50.0000),
('ritesh94', 542, 0, 1, 0, 0, 0, 0, 0, 0, 0, 0, 0, 100.0000),
('curious_mind', 376, 1, 1, 0, 0, 0, 0, 0, 0, 0, 0, 0, 130.0000),
('na1taneja2821', 793, 1, 1, 0, 0, 0, 0, 0, 0, 0, 0, 0, 80.0000),
('kishorm', 220, 1, 1, 0, 1, 0, 0, 0, 0, 0, 0, 0, 180.0000),
('ishugoyal', 533, 1, 0, 0, 0, 0, 0, 0, 0, 0, 0, 0, 100.0000),
('ngochai', 429, 1, 0, 1, 1, 0, 0, 0, 0, 0, 0, 0, 120.0000),
('thegooglerlm10', 550, 1, 0, 0, 0, 0, 0, 0, 0, 0, 0, 0, 100.0000),
('mohit1mohit13', 808, 1, 1, 0, 0, 0, 0, 0, 0, 0, 0, 0, 80.0000),
('baba26', 531, 1, 0, 0, 0, 0, 0, 0, 0, 0, 0, 0, 100.0000),
('bright_coder', 538, 1, 0, 0, 0, 0, 0, 0, 0, 0, 0, 0, 100.0000),
('sumitawasthi9', 540, 1, 0, 0, 0, 0, 0, 0, 0, 0, 0, 0, 100.0000),
('yashv', 415, 1, 1, 0, 0, 0, 0, 0, 0, 0, 0, 0, 130.0000),
('amolsaxena25', 1313, 1, 0, 0, 0, 0, 0, 0, 0, 0, 0, 0, 50.0000),
('nitin_manit', 1314, 1, 0, 0, 0, 0, 0, 0, 0, 0, 0, 0, 50.0000),
('ashishmehra610', 604, 1, 0, 0, 1, 0, 0, 0, 0, 0, 0, 0, 100.0000),
('dian', 1317, 1, 0, 0, 0, 0, 0, 0, 0, 0, 0, 0, 50.0000),
('rajeevsoni007', 1319, 1, 0, 0, 0, 0, 0, 0, 0, 0, 0, 0, 50.0000),
('ritu_bond', 1320, 1, 0, 0, 0, 0, 0, 0, 0, 0, 0, 0, 50.0000),
('nitinpal_20', 1343, 1, 0, 0, 0, 0, 0, 0, 0, 0, 0, 0, 50.0000),
('begin_hs', 1345, 1, 0, 0, 0, 0, 0, 0, 0, 0, 0, 0, 50.0000),
('venusinfurs', 795, 1, 1, 0, 0, 0, 0, 0, 0, 0, 0, 0, 80.0000),
('mahinlman', 1368, 1, 0, 0, 0, 0, 0, 0, 0, 0, 0, 0, 50.0000),
('vivekrvs02', 1418, 1, 0, 0, 0, 0, 0, 0, 0, 0, 0, 0, 50.0000),
('srkmobiya', 799, 1, 1, 0, 0, 0, 0, 0, 0, 0, 0, 0, 80.0000),
('lazycoder007', 1449, 0, 1, 0, 0, 0, 0, 0, 0, 0, 0, 0, 30.0000),
('harshit1205', 605, 1, 0, 0, 1, 0, 0, 0, 0, 0, 0, 0, 100.0000),
('devamanyu', 1330, 1, 0, 0, 0, 0, 0, 0, 0, 0, 0, 0, 50.0000),
('venkateswarlu', 1331, 1, 0, 0, 0, 0, 0, 0, 0, 0, 0, 0, 50.0000),
('yvn19996', 1350, 1, 0, 0, 0, 0, 0, 0, 0, 0, 0, 0, 50.0000),
('aseemraj', 267, 1, 0, 0, 1, 0, 0, 0, 0, 0, 0, 0, 150.0000),
('ani_kud', 1376, 1, 0, 0, 0, 0, 0, 0, 0, 0, 0, 0, 50.0000),
('tushar9211', 1444, 0, 1, 0, 0, 0, 0, 0, 0, 0, 0, 0, 30.0000),
('hehaodele', 61, 1, 1, 1, 0, 0, 0, 0, 0, 0, 0, 0, 260.0000),
('sidak', 546, 1, 0, 0, 0, 0, 0, 0, 0, 0, 0, 0, 100.0000),
('harshkhatri', 418, 1, 1, 0, 0, 0, 0, 0, 0, 0, 0, 0, 130.0000),
('swayam_raina', 1335, 1, 0, 0, 0, 0, 0, 0, 0, 0, 0, 0, 50.0000),
('dubeyproton392', 1336, 1, 0, 0, 0, 0, 0, 0, 0, 0, 0, 0, 50.0000),
('nnpai53', 1338, 1, 0, 0, 0, 0, 0, 0, 0, 0, 0, 0, 50.0000),
('priyanka_14', 796, 1, 1, 0, 0, 0, 0, 0, 0, 0, 0, 0, 80.0000),
('sierra101', 1340, 1, 0, 0, 0, 0, 0, 0, 0, 0, 0, 0, 50.0000),
('nishanth37', 1378, 1, 0, 0, 0, 0, 0, 0, 0, 0, 0, 0, 50.0000),
('sumitc91', 1380, 1, 0, 0, 0, 0, 0, 0, 0, 0, 0, 0, 50.0000),
('ravi4s1_3', 1342, 0, 0, 0, 1, 0, 0, 0, 0, 0, 0, 0, 50.0000),
('aq_faridi', 223, 1, 1, 0, 1, 0, 0, 0, 0, 0, 0, 0, 180.0000),
('sammee', 1360, 1, 0, 0, 0, 0, 0, 0, 0, 0, 0, 0, 50.0000),
('almer', 1363, 1, 0, 0, 0, 0, 0, 0, 0, 0, 0, 0, 50.0000),
('cooldragon', 1448, 0, 1, 0, 0, 0, 0, 0, 0, 0, 0, 0, 30.0000),
('humpty18', 537, 1, 0, 0, 0, 0, 0, 0, 0, 0, 0, 0, 100.0000),
('s93rastogi', 1344, 1, 0, 0, 0, 0, 0, 0, 0, 0, 0, 0, 50.0000),
('ashwani16', 1346, 1, 0, 0, 0, 0, 0, 0, 0, 0, 0, 0, 50.0000),
('aayushsinghal', 1348, 1, 0, 0, 0, 0, 0, 0, 0, 0, 0, 0, 50.0000),
('himansh31', 1349, 1, 0, 0, 0, 0, 0, 0, 0, 0, 0, 0, 50.0000),
('maggiejordan', 1367, 1, 0, 0, 0, 0, 0, 0, 0, 0, 0, 0, 50.0000),
('ankurnit', 1372, 1, 0, 0, 0, 0, 0, 0, 0, 0, 0, 0, 50.0000),
('adnanmd2', 1373, 1, 0, 0, 0, 0, 0, 0, 0, 0, 0, 0, 50.0000),
('kt_k7', 1446, 0, 1, 0, 0, 0, 0, 0, 0, 0, 0, 0, 30.0000),
('kng', 543, 1, 0, 0, 0, 0, 0, 0, 0, 0, 0, 0, 100.0000),
('rsaha77', 100, 1, 1, 1, 1, 0, 0, 0, 0, 0, 0, 0, 230.0000),
('codefever', 1351, 1, 0, 0, 0, 0, 0, 0, 0, 0, 0, 0, 50.0000),
('sananth12', 1352, 1, 0, 0, 0, 0, 0, 0, 0, 0, 0, 0, 50.0000),
('ajayfame', 1353, 1, 0, 0, 0, 0, 0, 0, 0, 0, 0, 0, 50.0000),
('bit_fury', 1354, 1, 0, 0, 0, 0, 0, 0, 0, 0, 0, 0, 50.0000),
('ilovecplusplus', 1421, 1, 0, 0, 0, 0, 0, 0, 0, 0, 0, 0, 50.0000),
('uvatsa94', 802, 1, 1, 0, 0, 0, 0, 0, 0, 0, 0, 0, 80.0000),
('wildcraft', 1356, 1, 0, 0, 0, 0, 0, 0, 0, 0, 0, 0, 50.0000),
('rdaxxx', 1357, 1, 0, 0, 0, 0, 0, 0, 0, 0, 0, 0, 50.0000),
('punit2991', 1358, 1, 0, 0, 0, 0, 0, 0, 0, 0, 0, 0, 50.0000),
('krishshanmukh', 1359, 1, 0, 0, 0, 0, 0, 0, 0, 0, 0, 0, 50.0000),
('shinakuma', 1394, 1, 0, 0, 0, 0, 0, 0, 0, 0, 0, 0, 50.0000),
('yourratzon', 1447, 0, 1, 0, 0, 0, 0, 0, 0, 0, 0, 0, 30.0000),
('alien_r', 159, 1, 1, 0, 0, 0, 0, 0, 0, 0, 0, 0, 200.0000),
('yogi1469', 1364, 1, 0, 0, 0, 0, 0, 0, 0, 0, 0, 0, 50.0000),
('utkarsh111', 1365, 1, 0, 0, 0, 0, 0, 0, 0, 0, 0, 0, 50.0000),
('saubhik', 1366, 1, 0, 0, 0, 0, 0, 0, 0, 0, 0, 0, 50.0000),
('nishantrpai', 1369, 1, 0, 0, 0, 0, 0, 0, 0, 0, 0, 0, 50.0000),
('kislaykishore', 804, 1, 1, 0, 0, 0, 0, 0, 0, 0, 0, 0, 80.0000),
('rachitmanit', 401, 1, 1, 0, 0, 0, 0, 0, 0, 0, 0, 0, 130.0000),
('chiragbansal', 607, 1, 0, 0, 1, 0, 0, 0, 0, 0, 0, 0, 100.0000),
('harsham', 1375, 1, 0, 0, 0, 0, 0, 0, 0, 0, 0, 0, 50.0000),
('chikchik', 557, 1, 0, 0, 0, 0, 0, 0, 0, 0, 0, 0, 100.0000),
('shadow07', 1407, 1, 0, 0, 0, 0, 0, 0, 0, 0, 0, 0, 50.0000),
('aakash201', 1408, 1, 0, 0, 0, 0, 0, 0, 0, 0, 0, 0, 50.0000),
('ashishhans', 1409, 1, 0, 0, 0, 0, 0, 0, 0, 0, 0, 0, 50.0000),
('shuvojit', 1428, 1, 0, 0, 0, 0, 0, 0, 0, 0, 0, 0, 50.0000),
('t_g_g_t', 563, 0, 1, 0, 0, 0, 0, 0, 0, 0, 0, 0, 100.0000),
('nitinbisht11', 571, 1, 0, 0, 0, 0, 0, 0, 0, 0, 0, 0, 100.0000),
('nik_68', 1381, 1, 0, 0, 0, 0, 0, 0, 0, 0, 0, 0, 50.0000),
('mudit794', 1382, 1, 0, 0, 0, 0, 0, 0, 0, 0, 0, 0, 50.0000),
('shaleen_c_123', 577, 1, 0, 0, 0, 0, 0, 0, 0, 0, 0, 0, 100.0000),
('ayushtomar', 1384, 1, 0, 0, 0, 0, 0, 0, 0, 0, 0, 0, 50.0000),
('anuj121093', 1385, 1, 0, 0, 0, 0, 0, 0, 0, 0, 0, 0, 50.0000),
('vishnugodofwar', 1388, 1, 0, 0, 0, 0, 0, 0, 0, 0, 0, 0, 50.0000),
('topweek', 1389, 1, 0, 0, 0, 0, 0, 0, 0, 0, 0, 0, 50.0000);
INSERT INTO `LTIME14` (`handle`, `rank`, `ques1`, `ques2`, `ques3`, `ques4`, `ques5`, `ques6`, `ques7`, `ques8`, `ques9`, `ques10`, `ques11`, `score`) VALUES
('kp101090', 1390, 1, 0, 0, 0, 0, 0, 0, 0, 0, 0, 0, 50.0000),
('tarunkumar11', 1422, 1, 0, 0, 0, 0, 0, 0, 0, 0, 0, 0, 50.0000),
('learner1', 587, 1, 0, 0, 0, 0, 0, 0, 0, 0, 0, 0, 100.0000),
('lerence1201', 270, 1, 0, 1, 0, 0, 0, 0, 0, 0, 0, 0, 150.0000),
('isa1203', 1391, 1, 0, 0, 0, 0, 0, 0, 0, 0, 0, 0, 50.0000),
('ship23', 807, 1, 1, 0, 0, 0, 0, 0, 0, 0, 0, 0, 80.0000),
('zuby', 1392, 1, 0, 0, 0, 0, 0, 0, 0, 0, 0, 0, 50.0000),
('penhaunt', 575, 1, 0, 0, 0, 0, 0, 0, 0, 0, 0, 0, 100.0000),
('biswarupb', 1410, 1, 0, 0, 0, 0, 0, 0, 0, 0, 0, 0, 50.0000),
('brijs', 1450, 0, 1, 0, 0, 0, 0, 0, 0, 0, 0, 0, 30.0000),
('anndr31', 568, 1, 0, 0, 0, 0, 0, 0, 0, 0, 0, 0, 100.0000),
('aman_coolinc1', 569, 1, 0, 0, 0, 0, 0, 0, 0, 0, 0, 0, 100.0000),
('singharpit94', 574, 1, 0, 0, 0, 0, 0, 0, 0, 0, 0, 0, 100.0000),
('sarkarshuvojit', 1393, 1, 0, 0, 0, 0, 0, 0, 0, 0, 0, 0, 50.0000),
('bharati24', 1395, 1, 0, 0, 0, 0, 0, 0, 0, 0, 0, 0, 50.0000),
('nav1991nav', 1396, 1, 0, 0, 0, 0, 0, 0, 0, 0, 0, 0, 50.0000),
('sridharreddy7', 1397, 1, 0, 0, 0, 0, 0, 0, 0, 0, 0, 0, 50.0000),
('a9adi835812319', 1398, 1, 0, 0, 0, 0, 0, 0, 0, 0, 0, 0, 50.0000),
('mahavirranka', 1399, 1, 0, 0, 0, 0, 0, 0, 0, 0, 0, 0, 50.0000),
('a_prakash', 585, 1, 0, 0, 0, 0, 0, 0, 0, 0, 0, 0, 100.0000),
('ashstylez619', 1401, 1, 0, 0, 0, 0, 0, 0, 0, 0, 0, 0, 50.0000),
('tracert_123', 1403, 1, 0, 0, 0, 0, 0, 0, 0, 0, 0, 0, 50.0000),
('palakchaudhary', 1405, 1, 0, 0, 0, 0, 0, 0, 0, 0, 0, 0, 50.0000),
('jain_prateek', 1406, 1, 0, 0, 0, 0, 0, 0, 0, 0, 0, 0, 50.0000),
('utkarsh3587', 1413, 1, 0, 0, 0, 0, 0, 0, 0, 0, 0, 0, 50.0000),
('nk_meena94', 1420, 1, 0, 0, 0, 0, 0, 0, 0, 0, 0, 0, 50.0000),
('rjohari23', 1416, 1, 0, 0, 0, 0, 0, 0, 0, 0, 0, 0, 50.0000),
('sharadkejriwal', 1423, 1, 0, 0, 0, 0, 0, 0, 0, 0, 0, 0, 50.0000);

-- --------------------------------------------------------

--
-- Table structure for table `LTIME14ques`
--

CREATE TABLE IF NOT EXISTS `LTIME14ques` (
  `id` int(11) DEFAULT NULL,
  `name` varchar(60) NOT NULL,
  PRIMARY KEY (`name`)
) ENGINE=MyISAM DEFAULT CHARSET=utf8;

--
-- Dumping data for table `LTIME14ques`
--

INSERT INTO `LTIME14ques` (`id`, `name`) VALUES
(1, 'And Operation'),
(2, 'Shift The String'),
(3, 'Lowest Common Ancestor'),
(4, 'Simple Editor');

/*!40101 SET CHARACTER_SET_CLIENT=@OLD_CHARACTER_SET_CLIENT */;
/*!40101 SET CHARACTER_SET_RESULTS=@OLD_CHARACTER_SET_RESULTS */;
/*!40101 SET COLLATION_CONNECTION=@OLD_COLLATION_CONNECTION */;
